3,7.44586,1376362,266706,29,266677
3,7.2556,1369374,266706,21,266685
3,7.25508,1369533,266706,23,266683
3,7.255,1369154,266706,19,266687
3,7.25564,1370251,266706,19,266687
3,7.25493,1369126,266706,20,266686
3,7.25601,1369857,266706,20,266686
3,9.89265,1869991,266706,22,266684
3,8.86182,1675430,266706,28,266678
3,7.25494,1372077,266706,22,266684
4,7.56548,1430325,275040,27,275013
4,7.56458,1427643,275040,22,275018
4,7.56574,1427727,275040,25,275015
4,7.77892,1468200,275040,21,275019
4,7.77928,1469049,275040,17,275023
4,7.85074,1429854,275040,26,275014
4,7.77898,1467994,275040,17,275023
4,7.56504,1427730,275040,23,275017
4,8.82756,1457393,275040,24,275016
4,7.77991,1468239,275040,21,275019
5,7.75091,1462881,280040,26,280014
5,7.75119,1462682,280040,24,280016
5,7.75058,1462977,280040,22,280018
5,7.75098,1462778,280040,21,280019
5,7.94949,1500911,280040,19,280021
5,7.75121,1462768,280040,24,280016
5,7.75068,1462767,280040,23,280017
5,7.75259,1463373,280040,22,280018
5,12.2842,1781433,280040,23,280017
5,7.7515,1463187,280040,22,280018
6,7.875,1486663,283373,25,283348
6,7.87464,1486526,283373,20,283353
6,7.87506,1486261,283373,28,283345
6,9.69156,1596406,283373,38,283335
6,9.56333,1488963,283373,25,283348
6,7.8736,1485744,283373,17,283356
6,10.0304,1488802,283373,21,283352
6,7.87407,1486180,283373,15,283358
6,9.10285,1721738,283373,36,283337
6,8.04338,1518801,283373,23,283350
7,9.32226,1763351,285754,34,285720
7,7.96293,1502640,285754,25,285729
7,7.96348,1502890,285754,27,285727
7,7.96295,1502593,285754,21,285733
7,7.962,1503120,285754,22,285732
7,7.96263,1503728,285754,23,285731
7,8.11198,1514823,285754,22,285732
7,7.96384,1502954,285754,24,285730
7,11.0671,2093516,285754,30,285724
7,7.96348,1502681,285754,23,285731
8,8.03072,1515436,287540,25,287515
8,8.02982,1515865,287540,28,287512
8,8.03037,1515225,287540,24,287516
8,8.03005,1515556,287540,24,287516
8,8.29152,1565957,287540,25,287515
8,8.03012,1515167,287540,24,287516
8,8.03035,1515387,287540,28,287512
8,8.03207,1515915,287540,26,287514
8,10.802,2055717,287540,40,287500
8,8.03106,1516675,287540,27,287513
9,8.27651,1561525,288928,25,288903
9,8.27729,1561829,288928,28,288900
9,8.39528,1567656,288928,27,288901
9,8.27661,1562341,288928,26,288902
9,8.08166,1525165,288928,29,288899
9,9.52532,1560198,288928,35,288893
9,8.0821,1525142,288928,27,288901
9,9.61403,1543619,288928,23,288905
9,8.27666,1562090,288928,26,288902
9,8.27708,1561926,288928,22,288906
10,10.1448,1897654,290040,1844,288196
10,8.12295,1533451,290040,26,290014
10,8.12205,1533024,290040,20,290020
10,8.12575,1533897,290040,29,290011
10,8.1229,1533275,290040,26,290014
10,8.12234,1535234,290040,26,290014
10,8.63573,1605983,290040,37,290003
10,8.12283,1533568,290040,25,290015
10,11.3604,1534071,290040,25,290015
10,8.1223,1532709,290040,28,290012
11,10.5201,1984595,290949,9128,281821
11,8.15771,1539529,290949,27,290922
11,8.56746,1617580,290949,48,290901
11,8.15592,1539100,290949,24,290925
11,8.15688,1539228,290949,26,290923
11,10.4424,1973729,290949,6587,284362
11,8.15692,1539363,290949,30,290919
11,8.15542,1539043,290949,17,290932
11,13.4352,1805601,290949,38,290911
11,10.5474,1990227,290949,9128,281821
12,8.18468,1547124,291706,20,291686
12,8.31685,1546382,291706,29,291677
12,8.1861,1544806,291706,27,291679
12,8.1853,1544476,291706,23,291683
12,8.18491,1544784,291706,26,291680
12,11.2414,2126509,291706,23,291683
12,8.18451,1544592,291706,28,291678
12,8.18493,1545005,291706,28,291678
12,8.18521,1544426,291706,21,291685
12,8.45303,1581518,291706,36,291670
13,8.20887,1549569,292347,26,292321
13,8.2121,1550570,292347,27,292320
13,12.6578,1552608,292347,29,292318
13,8.21187,1549765,292347,22,292325
13,8.20832,1550237,292347,22,292325
13,8.43146,1551092,292347,24,292323
13,8.3362,1555260,292347,29,292318
13,8.20875,1550519,292347,21,292326
13,8.21171,1549968,292347,22,292325
13,8.212,1551041,292347,22,292325
14,8.46211,1597342,292897,32,292865
14,8.229,1553259,292897,27,292870
14,8.39724,1584363,292897,24,292873
14,8.39607,1584302,292897,22,292875
14,8.2289,1553992,292897,19,292878
14,8.39653,1584522,292897,22,292875
14,8.56291,1599419,292897,26,292871
14,8.22949,1553107,292897,25,292872
14,8.22888,1552690,292897,25,292872
14,8.22782,1553973,292897,23,292874
15,8.24569,1556058,293373,23,293350
15,8.57984,1593844,293373,27,293346
15,8.24728,1556284,293373,26,293347
15,8.24704,1556077,293373,25,293348
15,8.3912,1583528,293373,22,293351
15,8.24649,1555984,293373,22,293351
15,8.24639,1556196,293373,21,293352
15,8.24811,1556366,293373,26,293347
15,8.39049,1583579,293373,21,293352
15,8.48811,1603599,293373,31,293342
16,9.66756,1828834,293790,45,293745
16,14.3959,1722403,293790,737,293053
16,8.26202,1560676,293790,23,293767
16,8.26034,1559538,293790,23,293767
16,8.42331,1589354,293790,25,293765
16,8.42308,1589585,293790,24,293766
16,8.42278,1589294,293790,22,293768
16,8.26188,1560355,293790,25,293765
16,8.42263,1589196,293790,19,293771
16,8.26244,1560130,293790,21,293769
17,8.27661,1561777,294157,22,294135
17,8.40087,1572264,294157,37,294120
17,8.27862,1562325,294157,28,294129
17,8.2757,1561680,294157,21,294136
17,8.42568,1590729,294157,27,294130
17,8.283,1562898,294157,31,294126
17,8.27601,1562221,294157,23,294134
17,8.84931,1670396,294157,39,294118
17,9.09596,1717671,294157,51,294106
17,8.59942,1623071,294157,375,293782
18,9.85407,1859012,294484,5594,288890
18,9.74832,1839380,294484,5606,288878
18,9.83044,1856134,294484,5608,288876
18,9.85229,1858817,294484,5591,288893
18,9.8594,1860108,294484,5611,288873
18,9.82172,1852944,294484,5584,288900
18,9.74946,1840211,294484,5607,288877
18,9.82188,1853333,294484,5607,288877
18,9.80092,1848859,294484,5604,288880
18,9.8011,1849661,294484,5615,288869
19,8.30017,1566547,294776,24,294752
19,8.30124,1566331,294776,21,294755
19,8.29845,1566125,294776,29,294747
19,8.59311,1610206,294776,35,294741
19,8.62944,1629363,294776,33,294743
19,8.56036,1615265,294776,26,294750
19,8.29954,1566385,294776,27,294749
19,8.30198,1567088,294776,27,294749
19,15.1511,2009675,294776,1176,293600
19,8.30001,1566155,294776,27,294749
20,8.46705,1597588,295040,24,295016
20,8.30915,1568137,295040,26,295014
20,8.57203,1602212,295040,28,295012
20,8.30862,1568268,295040,27,295013
20,8.64778,1632089,295040,39,295001
20,8.30923,1567683,295040,29,295011
20,8.51869,1598982,295040,26,295014
20,8.30931,1569637,295040,28,295012
20,9.48634,1790299,295040,4502,290538
20,8.46829,1598170,295040,19,295021
21,8.31734,1569292,295278,25,295253
21,8.31805,1570579,295278,26,295252
21,8.31821,1570113,295278,25,295253
21,8.31716,1569730,295278,19,295259
21,8.92308,1684560,295278,39,295239
21,8.31772,1569986,295278,30,295248
21,8.31709,1569639,295278,25,295253
21,8.31687,1569722,295278,24,295254
21,8.41708,1574160,295278,29,295249
21,8.31655,1569776,295278,23,295255
22,8.3267,1571075,295494,28,295466
22,8.32563,1571098,295494,23,295471
22,8.48954,1581013,295494,26,295468
22,8.54992,1613273,295494,23,295471
22,8.32553,1571003,295494,27,295467
22,8.32451,1570728,295494,23,295471
22,8.45882,1596069,295494,22,295472
22,8.55008,1613773,295494,20,295474
22,8.45947,1596394,295494,21,295473
22,8.32543,1571048,295494,20,295474
23,8.39234,1573110,295692,29,295663
23,8.47135,1598537,295692,26,295666
23,8.46237,1597187,295692,25,295667
23,8.33437,1573598,295692,22,295670
23,8.79736,1646206,295692,39,295653
23,8.84095,1674915,295692,398,295294
23,8.57222,1599821,295692,29,295663
23,8.87844,1676119,295692,36,295656
23,8.33398,1572983,295692,25,295667
23,13.3155,1597102,295692,26,295666
24,8.33933,1574572,295873,27,295846
24,8.66673,1609123,295873,22,295851
24,8.54339,1612591,295873,21,295852
24,8.51429,1607416,295873,24,295849
24,8.86414,1673496,295873,32,295841
24,8.51369,1607285,295873,24,295849
24,8.54536,1612512,295873,26,295847
24,8.54321,1612212,295873,21,295852
24,8.54552,1613006,295873,24,295849
24,8.52391,1608436,295873,29,295844
25,8.54242,1599749,296040,24,296016
25,8.34641,1575236,296040,29,296011
25,8.34456,1575244,296040,25,296015
25,8.47429,1599141,296040,24,296016
25,8.4745,1599545,296040,26,296014
25,8.47332,1599096,296040,21,296019
25,8.34466,1574543,296040,22,296018
25,8.47421,1599148,296040,23,296017
25,11.4565,1655065,296040,75,295965
25,8.4754,1599905,296040,26,296014
26,8.35177,1576365,296193,31,296162
26,8.35255,1576345,296193,25,296168
26,8.3507,1576133,296193,26,296167
26,8.70286,1643478,296193,32,296161
26,14.8975,1577909,296193,25,296168
26,11.0971,1582250,296193,39,296154
26,8.35273,1576078,296193,25,296168
26,8.41944,1589529,296193,29,296164
26,9.41203,1622752,296193,43,296150
26,8.35113,1575928,296193,22,296171
27,8.50165,1604203,296336,21,296315
27,8.50194,1604346,296336,21,296315
27,8.35773,1578665,296336,29,296307
27,8.50565,1604972,296336,27,296309
27,8.50186,1604580,296336,20,296316
27,11.5975,1608129,296336,65,296271
27,8.61128,1610635,296336,26,296310
27,8.50301,1606301,296336,25,296311
27,8.50243,1604338,296336,24,296312
27,8.50194,1605010,296336,22,296314
28,8.38717,1582749,296468,20,296448
28,8.57331,1618567,296468,110,296358
28,9.28745,1727041,296468,618,295850
28,8.79185,1659811,296468,36,296432
28,8.55566,1614222,296468,21,296447
28,8.36548,1580199,296468,24,296444
28,8.55831,1600944,296468,27,296441
28,8.55556,1615552,296468,20,296448
28,8.55543,1614318,296468,25,296443
28,8.57167,1617980,296468,22,296446
29,8.49675,1603505,296591,20,296571
29,8.49667,1603942,296591,22,296569
29,8.94426,1688525,296591,36,296555
29,11.2962,1604977,296591,25,296566
29,8.86385,1673388,296591,33,296558
29,8.49616,1603254,296591,23,296568
29,8.49663,1603617,296591,24,296567
29,13.4691,1605927,296591,26,296565
29,9.83088,1581825,296591,26,296565
29,8.49735,1603909,296591,23,296568
30,11.2308,2123984,296706,85,296621
30,8.53512,1610477,296706,21,296685
30,8.37117,1581969,296706,28,296678
30,8.3702,1581912,296706,23,296683
30,8.53606,1611618,296706,27,296679
30,8.53536,1611404,296706,25,296681
30,8.53567,1612238,296706,24,296682
30,8.53587,1610886,296706,25,296681
30,8.59975,1611898,296706,26,296680
30,9.11037,1611652,296706,24,296682
31,8.37426,1580179,296814,25,296789
31,8.37375,1580045,296814,22,296792
31,8.37497,1580627,296814,25,296789
31,8.37436,1580249,296814,24,296790
31,8.37496,1580118,296814,25,296789
31,8.37559,1582019,296814,22,296792
31,8.37373,1580261,296814,23,296791
31,8.37618,1580339,296814,28,296786
31,8.37345,1582839,296814,24,296790
31,8.3748,1580240,296814,24,296790
32,8.37881,1580902,296915,23,296892
32,8.57136,1607440,296915,27,296888
32,8.53396,1610113,296915,25,296890
32,8.37898,1581153,296915,28,296887
32,8.5329,1610309,296915,23,296892
32,8.59235,1611004,296915,22,296893
32,8.53248,1610545,296915,15,296900
32,10.4745,1612644,296915,46,296869
32,8.37802,1582291,296915,26,296889
32,8.57141,1610393,296915,27,296888
33,8.38211,1582352,297009,28,296981
33,8.38218,1583181,297009,24,296985
33,8.38178,1581505,297009,25,296984
33,8.57901,1597017,297009,29,296980
33,8.38163,1581897,297009,25,296984
33,8.38125,1582193,297009,24,296985
33,8.78534,1641999,297009,38,296971
33,8.4466,1583706,297009,26,296983
33,8.38186,1582138,297009,28,296981
33,8.38302,1582616,297009,26,296983
34,8.3854,1582388,297098,28,297070
34,8.50218,1591550,297098,24,297074
34,8.5153,1606985,297098,23,297075
34,8.38445,1582109,297098,25,297073
34,8.64708,1615163,297098,29,297069
34,8.53287,1610321,297098,22,297076
34,10.7818,2055361,297098,47,297051
34,8.6764,1616230,297098,29,297069
34,8.56837,1618342,297098,30,297068
34,8.51615,1606947,297098,22,297076
35,9.25952,1608931,297182,34,297148
35,8.51442,1606647,297182,26,297156
35,8.51402,1607219,297182,19,297163
35,8.58059,1607616,297182,28,297154
35,8.51358,1606195,297182,22,297160
35,8.60189,1610051,297182,29,297153
35,8.3881,1582870,297182,26,297156
35,8.3881,1582769,297182,25,297157
35,8.51331,1606762,297182,21,297161
35,8.51372,1607229,297182,24,297158
36,8.39175,1583359,297262,28,297234
36,8.55403,1614064,297262,21,297241
36,8.77251,1656009,297262,27,297235
36,8.5548,1614391,297262,24,297238
36,8.56021,1614991,297262,22,297240
36,8.66893,1621198,297262,27,297235
36,8.39201,1583533,297262,25,297237
36,8.5542,1614233,297262,24,297238
36,8.39094,1583199,297262,26,297236
36,8.55497,1614158,297262,21,297241
37,8.52069,1607552,297337,25,297312
37,8.51795,1607800,297337,22,297315
37,8.60777,1612942,297337,34,297303
37,8.51935,1607615,297337,25,297312
37,8.5185,1607157,297337,22,297315
37,8.52069,1608527,297337,24,297313
37,8.51884,1607566,297337,19,297318
37,8.52156,1609186,297337,26,297311
37,8.51941,1608436,297337,23,297314
37,8.52047,1607747,297337,22,297315
38,12.5383,1613796,297408,28,297380
38,8.53973,1611319,297408,22,297386
38,8.53834,1612802,297408,20,297388
38,8.60499,1613762,297408,27,297381
38,9.09698,1614599,297408,23,297385
38,8.3959,1585395,297408,25,297383
38,8.53941,1611262,297408,21,297387
38,8.53934,1611270,297408,22,297386
38,8.53885,1611791,297408,20,297388
38,8.53887,1611116,297408,22,297386
39,8.40036,1585027,297475,27,297448
39,8.39971,1585792,297475,20,297455
39,9.32889,1766186,297475,45,297430
39,8.39939,1584947,297475,25,297450
39,8.40057,1585738,297475,27,297448
39,8.39895,1584955,297475,26,297449
39,9.85877,1586061,297475,28,297447
39,8.4014,1585820,297475,24,297451
39,8.39834,1585273,297475,23,297452
39,8.40099,1585101,297475,25,297450
40,9.13295,1723582,297540,29,297511
40,8.53893,1611255,297540,25,297515
40,8.40114,1585176,297540,20,297520
40,9.10036,1614113,297540,22,297518
40,8.92579,1670176,297540,198,297342
40,8.40049,1585470,297540,25,297515
40,8.40079,1586197,297540,25,297515
40,8.67247,1619937,297540,27,297513
40,8.40272,1585954,297540,28,297512
40,8.40265,1585725,297540,25,297515
41,8.40266,1586210,297600,23,297577
41,8.54916,1613184,297600,21,297579
41,8.84712,1672085,297600,32,297568
41,9.02636,1589155,297600,26,297574
41,8.41171,1589782,297600,25,297575
41,8.55087,1613433,297600,24,297576
41,8.9207,1683995,297600,30,297570
41,8.59786,1623090,297600,28,297572
41,9.86372,1586690,297600,24,297576
41,8.63071,1608379,297600,31,297569
42,8.40565,1586053,297659,21,297638
42,8.53993,1612769,297659,33,297626
42,8.40618,1586761,297659,22,297637
42,8.63724,1630210,297659,25,297634
42,8.48821,1588022,297659,25,297634
42,8.40571,1586306,297659,26,297633
42,8.55158,1613338,297659,22,297637
42,9.0687,1696870,297659,23,297636
42,8.40626,1586465,297659,26,297633
42,8.40535,1587335,297659,27,297632
43,8.53454,1610620,297714,26,297688
43,8.4077,1586998,297714,28,297686
43,8.53373,1610163,297714,19,297695
43,8.68648,1619741,297714,29,297685
43,8.40721,1586636,297714,25,297689
43,8.53368,1610056,297714,22,297692
43,8.53385,1610181,297714,22,297692
43,8.53403,1610834,297714,21,297693
43,8.40752,1586380,297714,25,297689
43,12.0816,2289129,297714,123,297591
44,8.41038,1587936,297767,30,297737
44,8.56074,1615028,297767,25,297742
44,8.56094,1615643,297767,24,297743
44,8.53753,1611203,297767,23,297744
44,8.90949,1683288,297767,27,297740
44,8.5616,1615779,297767,25,297742
44,8.40943,1586742,297767,26,297741
44,10.3235,1887005,297767,68,297699
44,8.56149,1616614,297767,20,297747
44,8.40995,1587739,297767,25,297742
45,8.5055,1607355,297817,21,297796
45,8.55622,1615213,297817,23,297794
45,8.55573,1614636,297817,22,297795
45,8.55616,1614540,297817,24,297793
45,8.41084,1587182,297817,25,297792
45,8.41086,1587204,297817,24,297793
45,8.5575,1615024,297817,25,297792
45,12.631,2387080,297817,133,297684
45,8.559,1616934,297817,24,297793
45,8.55621,1615278,297817,22,297795
46,8.41256,1588858,297866,24,297842
46,8.57333,1619274,297866,22,297844
46,8.57384,1619077,297866,23,297843
46,15.7666,1621430,297866,22,297844
46,8.57262,1618352,297866,16,297850
46,8.57568,1618822,297866,18,297848
46,8.41352,1588112,297866,24,297842
46,8.57355,1619548,297866,24,297842
46,8.78642,1660269,297866,31,297835
46,8.41399,1587626,297866,22,297844
47,8.41366,1588614,297912,21,297891
47,8.42497,1590977,297912,22,297890
47,8.41559,1587859,297912,19,297893
47,8.42033,1588728,297912,25,297887
47,8.41622,1589120,297912,24,297888
47,8.41504,1587669,297912,24,297888
47,8.42467,1591362,297912,22,297890
47,8.53476,1591831,297912,23,297889
47,8.41375,1587827,297912,22,297890
47,8.42341,1590107,297912,20,297892
48,8.41701,1588288,297956,29,297927
48,8.41766,1588582,297956,22,297934
48,11.0894,2093787,297956,44,297912
48,9.22508,1743811,297956,157,297799
48,8.54092,1612632,297956,22,297934
48,8.41634,1588498,297956,23,297933
48,8.54204,1612411,297956,23,297933
48,10.0954,1613716,297956,24,297932
48,8.41731,1588317,297956,29,297927
48,8.54692,1612622,297956,21,297935
49,9.14579,1725589,297999,2750,295249
49,9.14384,1725644,297999,2773,295226
49,9.14358,1725153,297999,2746,295253
49,9.28319,1751877,297999,2743,295256
49,9.26613,1736009,297999,2763,295236
49,9.14745,1726273,297999,2754,295245
49,9.15207,1726759,297999,2772,295227
49,9.14206,1724847,297999,2767,295232
49,9.16417,1728977,297999,2763,295236
49,9.1526,1726904,297999,2764,295235
50,9.14834,1725956,298040,2020,296020
50,8.94112,1686875,298040,2022,296018
50,8.94582,1688118,298040,2021,296019
50,9.14651,1726747,298040,2022,296018
50,9.14783,1726171,298040,2021,296019
50,8.93615,1686073,298040,2024,296016
50,9.14629,1725856,298040,2018,296022
50,8.94416,1687581,298040,2021,296019
50,9.14876,1726025,298040,2018,296022
50,9.13439,1723936,298040,2020,296020
51,8.9392,1686817,298079,1986,296093
51,9.16389,1728847,298079,1980,296099
51,9.1931,1734593,298079,1980,296099
51,20.3594,1740752,298079,1979,296100
51,8.94109,1688222,298079,1977,296102
51,9.16865,1729675,298079,1982,296097
51,9.19512,1735198,298079,1984,296095
51,9.19054,1733896,298079,1981,296098
51,9.19508,1734949,298079,1985,296094
51,9.18665,1733345,298079,1983,296096
52,9.10804,1718510,298116,1946,296170
52,8.92397,1686162,298116,1945,296171
52,9.10563,1717949,298116,1946,296170
52,12.6022,2379646,298116,1957,296159
52,9.10938,1718956,298116,1949,296167
52,9.10961,1718998,298116,1943,296173
52,9.10952,1718671,298116,1946,296170
52,9.10954,1719238,298116,1946,296170
52,9.10494,1717842,298116,1940,296176
52,9.10504,1718076,298116,1945,296171
53,9.13636,1724039,298153,1905,296248
53,8.92526,1684458,298153,1914,296239
53,13.0729,1728739,298153,1906,296247
53,9.13792,1725775,298153,1910,296243
53,9.21926,1726895,298153,1905,296248
53,9.15284,1727065,298153,1909,296244
53,8.91605,1682155,298153,1910,296243
53,9.22175,1727781,298153,1908,296245
53,9.1468,1725921,298153,1909,296244
53,9.15209,1726730,298153,1907,296246
54,9.18253,1718231,298188,1872,296316
54,11.1621,2128425,298188,1887,296301
54,9.10305,1717214,298188,1869,296319
54,9.80904,1852469,298188,1893,296295
54,9.09818,1716745,298188,1875,296313
54,9.07984,1713182,298188,1871,296317
54,9.10202,1717186,298188,1871,296317
54,8.90629,1680510,298188,1872,296316
54,9.07494,1712255,298188,1870,296318
54,9.10281,1717636,298188,1877,296311
55,9.1071,1718254,298221,1839,296382
55,8.89833,1679217,298221,1840,296381
55,9.1323,1723127,298221,1834,296387
55,9.10512,1717841,298221,1844,296377
55,9.13768,1723879,298221,1841,296380
55,9.24105,1729809,298221,1838,296383
55,8.89757,1679106,298221,1845,296376
55,8.89699,1678876,298221,1843,296378
55,9.1383,1724327,298221,1842,296379
55,9.13556,1724572,298221,1840,296381
56,9.10442,1717860,298254,1805,296449
56,9.14491,1718385,298254,1806,296448
56,9.10401,1717627,298254,1805,296449
56,9.19025,1717656,298254,1808,296446
56,8.89125,1677589,298254,1808,296446
56,9.1047,1717713,298254,1804,296450
56,8.89964,1679172,298254,1806,296448
56,8.90005,1679469,298254,1807,296447
56,8.8929,1678514,298254,1808,296446
56,8.90402,1680244,298254,1807,296447
57,9.24193,1729460,298285,1778,296507
57,12.3002,2250674,298285,1787,296498
57,9.24176,1725855,298285,1775,296510
57,9.09242,1715792,298285,1777,296508
57,9.08452,1714307,298285,1776,296509
57,8.87586,1674634,298285,1777,296508
57,9.29102,1754345,298285,1777,296508
57,9.08303,1714048,298285,1778,296507
57,11.6707,2215445,298285,1788,296497
57,10.8674,2051177,298285,1793,296492
58,10.5408,1713822,298315,1742,296573
58,9.08672,1714686,298315,1749,296566
58,8.87838,1675379,298315,1748,296567
58,9.21489,1738963,298315,1744,296571
58,9.07878,1713574,298315,1745,296570
58,9.07639,1712520,298315,1742,296573
58,8.88294,1676168,298315,1747,296568
58,9.20582,1719757,298315,1744,296571
58,11.8319,2251837,298315,1759,296556
58,9.08183,1713407,298315,1745,296570
59,10.5187,1712409,298345,1719,296626
59,9.07457,1711992,298345,1713,296632
59,8.86486,1672510,298345,1716,296629
59,9.07267,1712195,298345,1715,296630
59,10.5637,1716407,298345,1718,296627
59,8.93198,1685203,298345,1715,296630
59,9.07263,1711666,298345,1716,296629
59,9.16879,1714380,298345,1715,296630
59,10.5772,2022847,298345,1723,296622
59,8.88781,1676879,298345,1713,296632
60,8.87552,1674604,298373,1689,296684
60,8.86665,1672929,298373,1687,296686
60,9.15302,1712524,298373,1688,296685
60,9.0427,1707902,298373,1686,296687
60,9.04255,1706017,298373,1686,296687
60,9.0331,1704648,298373,1687,296686
60,9.03472,1704620,298373,1685,296688
60,8.87292,1674329,298373,1689,296684
60,11.961,2261227,298373,1699,296674
60,8.87193,1673725,298373,1688,296685
61,8.86441,1672499,298400,1662,296738
61,8.86529,1673200,298400,1665,296735
61,9.04018,1706668,298400,1658,296742
61,8.87323,1674086,298400,1665,296735
61,9.03545,1704508,298400,1658,296742
61,8.87418,1675053,298400,1660,296740
61,8.86772,1672957,298400,1661,296739
61,8.86964,1673922,298400,1662,296738
61,9.04583,1706747,298400,1660,296740
61,9.1521,1727258,298400,1665,296735
62,8.96536,1692697,298427,1633,296794
62,9.03178,1704089,298427,1630,296797
62,8.96441,1691300,298427,1635,296792
62,9.11548,1702586,298427,1636,296791
62,8.95997,1690510,298427,1629,296798
62,8.84846,1669704,298427,1632,296795
62,8.85807,1673018,298427,1638,296789
62,8.9536,1689340,298427,1630,296797
62,8.85515,1670592,298427,1638,296789
62,12.6604,1702838,298427,1633,296794
63,8.85945,1671567,298452,1604,296848
63,8.86406,1672250,298452,1608,296844
63,8.84884,1670091,298452,1612,296840
63,8.86871,1675046,298452,1608,296844
63,8.95656,1675795,298452,1611,296841
63,8.85472,1670697,298452,1611,296841
63,8.86382,1672508,298452,1609,296843
63,9.86992,1674032,298452,1609,296843
63,8.84846,1669646,298452,1612,296840
63,8.85392,1670645,298452,1607,296845
64,8.84801,1669267,298477,1582,296895
64,8.8471,1669741,298477,1584,296893
64,8.85347,1670604,298477,1586,296891
64,8.83271,1666496,298477,1584,296893
64,8.96034,1679478,298477,1586,296891
64,8.85239,1670159,298477,1586,296891
64,8.83146,1667886,298477,1585,296892
64,8.84596,1669490,298477,1586,296891
64,8.82971,1666325,298477,1584,296893
64,10.0005,1670532,298477,1582,296895
65,9.26244,1747582,298501,1599,296902
65,9.26255,1747744,298501,1596,296905
65,8.84149,1669128,298501,1560,296941
65,8.83768,1668015,298501,1558,296943
65,8.83814,1668114,298501,1563,296938
65,8.83806,1667846,298501,1559,296942
65,8.85217,1670317,298501,1561,296940
65,8.97004,1674995,298501,1564,296937
65,8.86822,1673724,298501,1562,296939
65,8.8359,1667371,298501,1565,296936
66,8.83228,1666803,298524,1539,296985
66,9.00448,1698877,298524,1534,296990
66,9.00321,1698546,298524,1535,296989
66,9.03429,1705754,298524,1539,296985
66,8.99635,1697472,298524,1533,296991
66,8.83506,1667891,298524,1539,296985
66,8.83392,1666965,298524,1535,296989
66,8.83354,1666579,298524,1541,296983
66,8.85266,1670320,298524,1539,296985
66,8.99625,1697832,298524,1537,296987
67,9.04196,1706037,298547,1512,297035
67,9.04016,1705736,298547,1515,297032
67,9.04425,1706355,298547,1513,297034
67,13.6076,2567295,298547,1534,297013
67,9.11598,1707893,298547,1514,297033
67,9.0453,1706876,298547,1513,297034
67,8.82493,1665248,298547,1517,297030
67,9.04413,1706440,298547,1514,297033
67,9.04164,1706078,298547,1514,297033
67,9.15699,1728267,298547,1517,297030
68,8.81292,1663400,298569,1489,297080
68,9.22824,1741777,298569,1496,297073
68,8.99355,1697535,298569,1490,297079
68,11.5424,2217913,298569,1502,297067
68,8.99883,1698328,298569,1491,297078
68,12.5041,1681785,298569,1495,297074
68,8.82448,1665401,298569,1492,297077
68,9.00006,1697954,298569,1491,297078
68,8.99821,1698934,298569,1493,297076
68,8.82148,1664359,298569,1492,297077
69,8.82008,1665152,298590,1468,297122
69,8.81506,1663894,298590,1475,297115
69,9.00783,1700692,298590,1471,297119
69,9.0385,1705871,298590,1469,297121
69,9.00515,1699153,298590,1468,297122
69,8.9822,1696014,298590,1472,297118
69,9.03796,1705516,298590,1469,297121
69,9.01301,1701010,298590,1468,297122
69,9.04054,1706048,298590,1471,297119
69,8.81583,1663282,298590,1464,297126
70,8.98328,1694912,298611,1449,297162
70,9.6586,1696971,298611,1454,297157
70,9.51462,1697022,298611,1450,297161
70,8.98502,1695324,298611,1449,297162
70,8.98986,1696508,298611,1451,297160
70,9.47894,1789155,298611,1451,297160
70,8.98398,1695139,298611,1452,297159
70,9.1242,1698469,298611,1449,297162
70,8.81862,1666057,298611,1449,297162
70,8.81031,1662725,298611,1452,297159
71,9.43966,1698622,298631,1435,297196
71,8.99599,1697240,298631,1431,297200
71,8.99706,1697508,298631,1430,297201
71,9.04897,1698678,298631,1429,297202
71,8.99607,1697461,298631,1427,297204
71,9.00202,1699693,298631,1432,297199
71,8.99799,1698989,298631,1429,297202
71,9.04873,1698032,298631,1429,297202
71,8.80531,1662552,298631,1431,297200
71,8.81696,1664445,298631,1433,297198
72,9.04038,1705928,298651,1406,297245
72,9.02913,1703584,298651,1409,297242
72,8.80654,1661569,298651,1415,297236
72,11.2204,1676711,298651,1420,297231
72,9.03196,1704101,298651,1411,297240
72,9.03537,1704614,298651,1404,297247
72,9.04054,1705824,298651,1410,297241
72,11.4217,1703959,298651,1419,297232
72,9.02964,1703942,298651,1411,297240
72,9.20294,1739993,298651,1407,297244
73,8.97245,1694335,298670,1391,297279
73,10.4874,1706031,298670,1393,297277
73,9.00862,1701201,298670,1392,297278
73,10.5826,2001674,298670,1397,297273
73,9.42051,1779007,298670,1395,297275
73,8.80451,1663239,298670,1389,297281
73,9.72496,1732235,298670,1392,297278
73,8.9701,1692483,298670,1390,297280
73,9.1233,1722053,298670,1393,297277
73,8.98982,1697177,298670,1393,297277
74,8.96777,1691985,298688,1371,297317
74,8.79162,1659703,298688,1376,297312
74,8.96278,1682105,298688,1375,297313
74,8.963,1691686,298688,1368,297320
74,11.5098,1702454,298688,1384,297304
74,9.01771,1704545,298688,1370,297318
74,9.32341,1759721,298688,1380,297308
74,10.7063,2024018,298688,1395,297293
74,8.96575,1691780,298688,1373,297315
74,8.96657,1692029,298688,1374,297314
75,8.79635,1660032,298706,1362,297344
75,8.96258,1692025,298706,1356,297350
75,8.96467,1691615,298706,1355,297351
75,8.79411,1659844,298706,1358,297348
75,8.96607,1691890,298706,1357,297349
75,8.95634,1690228,298706,1351,297355
75,8.99704,1698651,298706,1357,297349
75,8.95841,1691862,298706,1352,297354
75,8.78944,1658478,298706,1358,297348
75,8.95686,1691714,298706,1355,297351
76,8.99533,1697506,298724,1335,297389
76,8.98541,1695883,298724,1334,297390
76,9.50643,1697266,298724,1336,297388
76,9.48815,1774308,298724,1360,297364
76,8.79967,1660473,298724,1338,297386
76,9.21227,1739499,298724,1337,297387
76,9.21181,1703295,298724,1339,297385
76,9.297,1754741,298724,1353,297371
76,8.98105,1695586,298724,1332,297392
76,8.98355,1695494,298724,1337,297387
77,10.4322,1660206,298741,1324,297417
77,9.29459,1754742,298741,1323,297418
77,8.78,1657870,298741,1321,297420
77,8.77849,1657119,298741,1324,297417
77,8.78088,1657965,298741,1316,297425
77,8.77788,1658276,298741,1320,297421
77,9.09207,1697389,298741,1321,297420
77,8.9626,1690969,298741,1320,297421
77,8.77928,1657360,298741,1322,297419
77,9.47427,1771331,298741,1322,297419
78,8.97352,1693267,298757,1311,297446
78,8.78554,1657815,298757,1310,297447
78,8.78354,1658720,298757,1301,297456
78,8.98144,1694747,298757,1318,297439
78,10.7923,2047539,298757,1315,297442
78,8.78353,1658392,298757,1308,297449
78,8.94464,1687851,298757,1303,297454
78,8.92982,1685166,298757,1303,297454
78,8.94875,1688437,298757,1302,297455
78,8.94746,1688303,298757,1302,297455
79,8.99923,1698118,298774,1282,297492
79,8.99409,1697244,298774,1288,297486
79,9.00106,1698664,298774,1288,297486
79,8.82649,1656310,298774,1282,297492
79,12.2634,2270496,298774,1301,297473
79,8.98824,1695771,298774,1285,297489
79,8.99155,1697175,298774,1289,297485
79,8.99134,1696444,298774,1287,297487
79,8.99106,1698033,298774,1287,297487
79,8.99098,1696661,298774,1285,297489
80,8.93295,1685474,298790,1267,297523
80,8.93998,1686850,298790,1269,297521
80,8.94341,1687754,298790,1270,297520
80,9.00458,1702996,298790,1272,297518
80,8.93972,1686944,298790,1271,297519
80,8.93781,1686496,298790,1269,297521
80,8.78525,1657600,298790,1268,297522
80,8.94341,1687371,298790,1271,297519
80,9.09933,1702323,298790,1269,297521
80,8.78638,1657819,298790,1277,297513
81,8.92427,1683778,298805,1258,297547
81,8.92433,1685339,298805,1255,297550
81,9.21665,1740784,298805,1260,297545
81,8.77376,1656146,298805,1256,297549
81,8.93927,1687311,298805,1258,297547
81,8.76517,1654314,298805,1259,297546
81,10.1023,1689046,298805,1260,297545
81,8.93979,1686675,298805,1256,297549
81,10.7704,2034025,298805,1260,297545
81,9.30799,1685401,298805,1257,297548
82,9.00566,1699400,298820,1245,297575
82,8.94896,1689151,298820,1239,297581
82,8.94823,1656596,298820,1246,297574
82,8.93516,1685765,298820,1244,297576
82,8.75844,1652671,298820,1240,297580
82,8.95283,1689366,298820,1242,297578
82,8.95677,1690552,298820,1245,297575
82,8.92685,1684454,298820,1237,297583
82,8.93933,1686528,298820,1240,297580
82,8.93977,1686777,298820,1237,297583
83,8.92698,1684433,298835,1226,297609
83,8.91075,1681205,298835,1222,297613
83,9.23544,1734571,298835,1244,297591
83,8.92632,1684221,298835,1228,297607
83,8.92238,1683408,298835,1224,297611
83,8.77133,1655288,298835,1228,297607
83,8.77005,1654647,298835,1230,297605
83,10.6415,1755785,298835,1232,297603
83,8.76245,1655601,298835,1228,297607
83,8.92741,1684383,298835,1226,297609
84,12.2963,2336540,298849,1218,297631
84,9.42042,1687430,298849,1211,297638
84,8.93049,1685387,298849,1211,297638
84,8.93195,1685372,298849,1213,297636
84,8.93276,1685565,298849,1212,297637
84,8.93126,1686000,298849,1213,297636
84,8.76012,1652771,298849,1213,297636
84,8.93173,1685682,298849,1211,297638
84,9.54209,1801286,298849,1232,297617
84,8.76884,1654561,298849,1213,297636
85,8.95433,1689806,298863,1198,297665
85,8.76124,1653006,298863,1200,297663
85,8.95727,1689954,298863,1197,297666
85,8.95824,1690311,298863,1196,297667
85,8.9563,1689965,298863,1200,297663
85,8.75726,1652859,298863,1197,297666
85,8.75801,1652859,298863,1195,297668
85,8.9524,1690321,298863,1196,297667
85,8.76085,1652983,298863,1201,297662
85,8.95605,1690308,298863,1200,297663
86,12.0622,2301413,298877,1186,297691
86,8.75218,1651888,298877,1187,297690
86,9.07042,1711823,298877,1187,297690
86,11.1861,1760241,298877,1186,297691
86,8.76219,1653430,298877,1184,297693
86,9.11611,1720837,298877,1186,297691
86,8.92172,1683489,298877,1181,297696
86,8.9252,1684194,298877,1183,297694
86,8.75282,1651333,298877,1187,297690
86,8.933,1685545,298877,1183,297694
87,12.693,2402194,298890,1182,297708
87,9.06685,1697251,298890,1170,297720
87,8.96901,1692751,298890,1171,297719
87,8.97416,1693376,298890,1171,297719
87,8.95662,1689958,298890,1174,297716
87,10.2191,1722281,298890,1171,297719
87,8.96319,1692063,298890,1170,297720
87,8.74642,1651139,298890,1171,297719
87,8.9579,1691230,298890,1171,297719
87,8.97485,1694595,298890,1169,297721
88,8.9298,1684933,298903,1158,297745
88,8.75331,1651679,298903,1162,297741
88,14.9507,1972119,298903,1173,297730
88,8.93305,1685510,298903,1155,297748
88,8.93068,1685450,298903,1158,297745
88,8.93053,1685118,298903,1158,297745
88,8.93405,1686706,298903,1160,297743
88,8.93347,1685586,298903,1155,297748
88,8.93414,1685827,298903,1160,297743
88,10.8516,2068569,298903,1164,297739
89,8.91371,1681834,298916,1144,297772
89,8.90429,1681173,298916,1143,297773
89,8.96491,1681753,298916,1142,297774
89,8.90042,1679500,298916,1142,297774
89,8.90719,1680435,298916,1145,297771
89,8.7433,1649620,298916,1149,297767
89,8.90508,1680160,298916,1141,297775
89,8.90246,1680193,298916,1144,297772
89,11.1639,2125114,298916,1149,297767
89,14.2414,1681264,298916,1145,297771
90,8.9264,1684186,298928,1135,297793
90,8.92918,1684940,298928,1128,297800
90,8.91475,1682067,298928,1137,297791
90,9.04172,1693057,298928,1134,297794
90,8.74087,1649459,298928,1130,297798
90,8.92974,1684894,298928,1131,297797
90,8.74455,1649784,298928,1137,297791
90,8.92982,1684682,298928,1133,297795
90,12.0312,2283089,298928,1150,297778
90,13.0113,1686314,298928,1131,297797
91,8.91669,1682294,298941,1122,297819
91,8.91799,1682693,298941,1121,297820
91,8.91801,1682916,298941,1119,297822
91,8.80092,1650956,298941,1124,297817
91,8.91495,1681935,298941,1117,297824
91,8.91983,1682954,298941,1118,297823
91,8.91624,1682622,298941,1122,297819
91,8.74399,1650680,298941,1126,297815
91,8.91568,1682496,298941,1118,297823
91,8.92038,1683500,298941,1118,297823
92,12.8972,1681035,298953,1109,297844
92,8.9031,1680002,298953,1104,297849
92,8.9035,1680200,298953,1108,297845
92,8.90392,1679816,298953,1108,297845
92,8.90283,1680209,298953,1103,297850
92,8.89761,1678889,298953,1105,297848
92,8.73134,1647536,298953,1109,297844
92,10.7515,2033405,298953,1106,297847
92,8.90386,1680382,298953,1108,297845
92,8.90417,1679845,298953,1106,297847
93,8.90175,1679591,298964,1096,297868
93,9.14573,1726264,298964,1101,297863
93,8.93645,1669886,298964,1099,297865
93,9.25569,1747255,298964,1115,297849
93,8.74395,1650223,298964,1093,297871
93,9.51063,1796118,298964,1114,297850
93,8.88859,1677015,298964,1096,297868
93,8.89624,1678672,298964,1097,297867
93,8.89504,1678429,298964,1103,297861
93,8.88577,1676483,298964,1096,297868
94,8.78576,1648325,298976,1091,297885
94,8.90426,1681115,298976,1089,297887
94,8.94736,1688571,298976,1106,297870
94,8.89627,1678353,298976,1087,297889
94,9.02901,1703649,298976,1087,297889
94,9.03402,1705840,298976,1086,297890
94,8.89506,1678171,298976,1084,297892
94,8.95074,1689029,298976,1109,297867
94,9.02681,1703377,298976,1085,297891
94,8.90621,1680422,298976,1088,297888
95,8.95822,1690248,298987,1107,297880
95,9.02364,1702865,298987,1076,297911
95,8.96005,1690407,298987,1106,297881
95,8.96052,1692810,298987,1103,297884
95,9.2554,1746872,298987,1114,297873
95,8.95978,1690348,298987,1109,297878
95,8.95685,1689795,298987,1108,297879
95,8.96275,1692192,298987,1106,297881
95,9.04181,1691708,298987,1110,297877
95,8.72552,1646327,298987,1077,297910
96,9.1504,1726967,298998,1068,297930
96,8.91387,1681974,298998,1059,297939
96,13.4155,1739786,298998,1079,297919
96,9.36967,1722972,298998,1064,297934
96,8.72279,1646839,298998,1066,297932
96,8.91241,1684646,298998,1064,297934
96,9.07614,1701212,298998,1083,297915
96,8.91014,1681331,298998,1065,297933
96,8.91249,1681749,298998,1059,297939
96,9.45304,1680921,298998,1072,297926
97,8.90076,1679317,299009,1054,297955
97,8.89948,1680909,299009,1053,297956
97,9.74,1681731,299009,1051,297958
97,8.90222,1681055,299009,1052,297957
97,8.72076,1645332,299009,1049,297960
97,13.439,2537950,299009,1053,297956
97,13.787,2552917,299009,1063,297946
97,13.4936,2516442,299009,1062,297947
97,12.5752,2376143,299009,1063,297946
97,13.6147,2572819,299009,1054,297955
98,13.1856,2489941,299019,1065,297954
98,9.12445,1711510,299019,1048,297971
98,9.64421,1822189,299019,1038,297981
98,9.07849,1714724,299019,1034,297985
98,8.90738,1681938,299019,1047,297972
98,8.90556,1681459,299019,1041,297978
98,13.3701,2432284,299019,1066,297953
98,12.8166,2423742,299019,1051,297968
98,11.5528,2185529,299019,1040,297979
98,8.72382,1647671,299019,1042,297977
99,8.72165,1645974,299029,1031,297998
99,8.71605,1645815,299029,1035,297994
99,8.90196,1679956,299029,1032,297997
99,8.90088,1681139,299029,1028,298001
99,8.90238,1680230,299029,1034,297995
99,8.87882,1675315,299029,1032,297997
99,8.90195,1680237,299029,1032,297997
99,8.90552,1681472,299029,1032,297997
99,9.27446,1738292,299029,1037,297992
99,8.90384,1680298,299029,1033,297996
100,8.86994,1673622,299040,1022,298018
100,9.23956,1744157,299040,1039,298001
100,8.72473,1646797,299040,1019,298021
100,8.72546,1646459,299040,1020,298020
100,10.1464,1675944,299040,1020,298020
100,8.87258,1675233,299040,1023,298017
100,8.72773,1646878,299040,1022,298018
100,8.99769,1697978,299040,1018,298022
100,8.87473,1674779,299040,1020,298020
100,8.87128,1673708,299040,1018,298022
