3,13.4482,2537959,1266706,41,1266665
3,13.9313,2628865,1266706,50,1266656
3,13.4476,2536648,1266706,38,1266668
3,13.5971,2565941,1266706,45,1266661
3,13.4483,2536825,1266706,38,1266668
3,13.5932,2545421,1266706,48,1266658
3,14.5895,2550515,1266706,42,1266664
3,13.7727,2586200,1266706,48,1266658
3,13.4468,2536792,1266706,35,1266671
3,13.4483,2536536,1266706,43,1266663
4,14.5218,2630345,1275040,51,1274989
4,13.9337,2628315,1275040,35,1275005
4,13.7941,2602155,1275040,29,1275011
4,13.8019,2603426,1275040,39,1275001
4,13.8004,2603001,1275040,26,1275014
4,13.6686,2577987,1275040,35,1275005
4,13.8026,2603474,1275040,43,1274997
4,13.8019,2603631,1275040,40,1275000
4,15.4179,2913857,1275040,52,1274988
4,13.8019,2603155,1275040,37,1275003
5,14.1207,2663357,1280040,42,1279998
5,14.2262,2683507,1280040,36,1280004
5,15.3712,2625662,1280040,43,1279997
5,13.9999,2628973,1280040,41,1279999
5,13.8842,2621842,1280040,33,1280007
5,13.9554,2618087,1280040,52,1279988
5,14.1199,2662893,1280040,39,1280001
5,14.0133,2642841,1280040,35,1280005
5,14.8337,2662788,1280040,42,1279998
5,13.9086,2623228,1280040,42,1279998
6,14.5536,2747570,1283373,52,1283321
6,14.5104,2721961,1283373,44,1283329
6,13.8908,2619771,1283373,45,1283328
6,13.8918,2620030,1283373,45,1283328
6,14.1998,2678638,1283373,37,1283336
6,14.1991,2678045,1283373,39,1283334
6,19.2378,2645803,1283373,41,1283332
6,13.9462,2623170,1283373,41,1283332
6,14.6866,2770278,1283373,49,1283324
6,14.0294,2635602,1283373,36,1283337
7,13.8782,2617381,1285754,43,1285711
7,13.8764,2618037,1285754,32,1285722
7,14.3766,2699972,1285754,39,1285715
7,13.8765,2616980,1285754,36,1285718
7,13.8781,2617214,1285754,41,1285713
7,15.1877,2848410,1285754,173,1285581
7,14.3316,2702981,1285754,35,1285719
7,14.2816,2694932,1285754,38,1285716
7,14.2818,2693803,1285754,37,1285717
7,14.3323,2703070,1285754,32,1285722
8,14.339,2690769,1287540,37,1287503
8,14.1336,2665616,1287540,41,1287499
8,15.2394,2661793,1287540,39,1287501
8,14.1333,2665599,1287540,36,1287504
8,14.1323,2666280,1287540,35,1287505
8,14.0005,2640323,1287540,37,1287503
8,14.1334,2665337,1287540,35,1287505
8,14.2781,2692894,1287540,34,1287506
8,14.2791,2693214,1287540,40,1287500
8,14.2788,2692921,1287540,37,1287503
9,14.0955,2658437,1288928,36,1288892
9,14.791,2703198,1288928,36,1288892
9,14.921,2813989,1288928,34,1288894
9,14.9219,2813958,1288928,41,1288887
9,14.4865,2732581,1288928,45,1288883
9,14.347,2705895,1288928,41,1288887
9,14.362,2709080,1288928,38,1288890
9,14.716,2776623,1288928,38,1288890
9,14.3469,2706409,1288928,39,1288889
9,14.0962,2659160,1288928,39,1288889
10,17.3323,3248868,1290040,10174,1279866
10,17.2748,3258462,1290040,10136,1279904
10,16.9842,3204222,1290040,10053,1279987
10,16.8442,3176686,1290040,10053,1279987
10,17.0568,3216235,1290040,10057,1279983
10,17.0554,3217076,1290040,10046,1279994
10,17.3238,3268577,1290040,10130,1279910
10,16.8752,3182387,1290040,10056,1279984
10,16.8304,3174606,1290040,10054,1279986
10,17.2945,3243081,1290040,10104,1279936
11,16.7082,3151454,1290949,9126,1281823
11,16.8731,3164240,1290949,9149,1281800
11,16.6592,3142100,1290949,9125,1281824
11,17.6847,3337456,1290949,9175,1281774
11,21.087,3186705,1290949,9129,1281820
11,16.6999,3149596,1290949,9143,1281806
11,17.1622,3237004,1290949,9144,1281805
11,16.8311,3176257,1290949,9118,1281831
11,16.705,3150265,1290949,9141,1281808
11,16.7049,3150877,1290949,9136,1281813
12,18.2094,3435511,1291706,8391,1283315
12,17.0336,3212812,1291706,8373,1283333
12,16.7195,3152964,1291706,8366,1283340
12,16.5978,3130712,1291706,8368,1283338
12,19.5795,3587336,1291706,8800,1282906
12,16.5871,3127882,1291706,8369,1283337
12,16.6533,3141196,1291706,8374,1283332
12,16.6434,3140286,1291706,8364,1283342
12,17.1258,3231017,1291706,8378,1283328
12,24.6514,3196641,1291706,8378,1283328
13,16.5299,3117822,1292347,7721,1284626
13,16.5191,3104486,1292347,7731,1284616
13,16.5056,3112633,1292347,7733,1284614
13,18.0261,3414683,1292347,8299,1284048
13,20.5821,3105033,1292347,7730,1284617
13,16.3745,3088072,1292347,7729,1284618
13,23.5699,3119550,1292347,7736,1284611
13,16.8535,3178389,1292347,7733,1284614
13,16.3726,3087740,1292347,7730,1284617
13,16.3717,3087312,1292347,7724,1284623
14,16.9707,3101618,1292897,7180,1285717
14,16.5712,3109944,1292897,7184,1285713
14,16.2507,3064447,1292897,7179,1285718
14,16.2454,3064803,1292897,7176,1285721
14,20.6564,3101736,1292897,7178,1285719
14,16.2507,3065232,1292897,7176,1285721
14,16.2312,3060892,1292897,7175,1285722
14,18.9133,3560824,1292897,7199,1285698
14,16.245,3063592,1292897,7171,1285726
14,16.7234,3155591,1292897,7181,1285716
15,16.2859,3071801,1293373,6704,1286669
15,16.5098,3094691,1293373,6698,1286675
15,17.0141,3092558,1293373,6712,1286661
15,16.1343,3042884,1293373,6698,1286675
15,20.5272,3068157,1293373,6710,1286663
15,16.6063,3132882,1293373,6702,1286671
15,16.3256,3065687,1293373,6707,1286666
15,16.3645,3085811,1293373,6709,1286664
15,16.2179,3058390,1293373,6703,1286670
15,16.2774,3070121,1293373,6696,1286677
16,16.2067,3057845,1293790,6281,1287509
16,16.0148,3019928,1293790,6288,1287502
16,16.0144,3020421,1293790,6280,1287510
16,16.1965,3044433,1293790,6290,1287500
16,16.0725,3031207,1293790,6286,1287504
16,18.0439,3119428,1293790,6298,1287492
16,16.0726,3030882,1293790,6285,1287505
16,16.1754,3050529,1293790,6286,1287504
16,16.3375,3081708,1293790,6293,1287497
16,16.0158,3019934,1293790,6286,1287504
17,17.4025,3079855,1294157,5925,1288232
17,16.1143,3039282,1294157,5914,1288243
17,16.5649,3126604,1294157,5984,1288173
17,16.1059,3038449,1294157,5911,1288246
17,16.1056,3037891,1294157,5920,1288237
17,16.1067,3039710,1294157,5919,1288238
17,15.9328,3004677,1294157,5915,1288242
17,15.926,3003230,1294157,5919,1288238
17,15.9334,3004958,1294157,5918,1288239
17,18.8788,3589623,1294157,6014,1288143
18,15.8401,2987170,1294484,5592,1288892
18,17.1036,3004040,1294484,5589,1288895
18,16.1099,3038231,1294484,5590,1288894
18,18.5051,3036728,1294484,5605,1288879
18,16.1102,3038164,1294484,5588,1288896
18,16.1114,3038485,1294484,5595,1288889
18,15.9229,3003072,1294484,5588,1288896
18,16.0569,3027876,1294484,5594,1288890
18,35.4237,3632899,1294484,6431,1288053
18,16.1002,3036777,1294484,5592,1288892
19,15.7866,2978392,1294776,5302,1289474
19,16.041,3027022,1294776,5303,1289473
19,15.9754,3012853,1294776,5293,1289483
19,15.973,3012485,1294776,5301,1289475
19,17.4089,3050737,1294776,5307,1289469
19,16.2313,3060956,1294776,5297,1289479
19,15.9795,3013753,1294776,5297,1289479
19,15.9719,3012357,1294776,5293,1289483
19,15.8736,2993611,1294776,5303,1289473
19,15.8,2979506,1294776,5293,1289483
20,15.7359,2967696,1295040,5035,1290005
20,15.8495,2988897,1295040,5036,1290004
20,15.7142,2963223,1295040,5034,1290006
20,15.9716,2995922,1295040,5042,1289998
20,15.8457,2988131,1295040,5034,1290006
20,15.8979,2997757,1295040,5033,1290007
20,31.9663,3413939,1295040,5062,1289978
20,15.8548,2990152,1295040,5032,1290008
20,15.794,2978867,1295040,5035,1290005
20,15.8398,2987165,1295040,5029,1290011
21,15.7399,2968337,1295278,4795,1290483
21,15.7213,2964757,1295278,4796,1290482
21,15.7952,2979805,1295278,4797,1290481
21,15.7965,2978865,1295278,4794,1290484
21,15.7646,2962039,1295278,4795,1290483
21,15.8073,2981104,1295278,4798,1290480
21,17.396,3305965,1295278,4797,1290481
21,15.7428,2952293,1295278,4799,1290479
21,15.6629,2953890,1295278,4802,1290476
21,15.7187,2964067,1295278,4790,1290488
22,15.6835,2943072,1295494,4583,1290911
22,15.648,2950925,1295494,4577,1290917
22,15.6228,2946306,1295494,4580,1290914
22,15.9142,2984726,1295494,4589,1290905
22,15.809,2981293,1295494,4580,1290914
22,17.0187,3213546,1295494,4586,1290908
22,16.3316,3063233,1295494,4777,1290717
22,15.6947,2959644,1295494,4586,1290908
22,15.7896,2978630,1295494,4572,1290922
22,15.6288,2947453,1295494,4577,1290917
23,15.5585,2934726,1295692,4384,1291308
23,15.7241,2965172,1295692,4383,1291309
23,15.6963,2960077,1295692,4378,1291314
23,16.827,2962175,1295692,4390,1291302
23,15.6958,2960170,1295692,4380,1291312
23,15.5774,2937613,1295692,4379,1291313
23,15.5577,2933829,1295692,4385,1291307
23,15.6598,2953681,1295692,4379,1291313
23,15.7173,2963941,1295692,4382,1291310
23,15.972,3011941,1295692,4377,1291315
24,15.644,2938085,1295873,4203,1291670
24,15.5282,2928235,1295873,4207,1291666
24,15.7487,2969812,1295873,4199,1291674
24,15.6001,2931167,1295873,4199,1291674
24,15.5267,2929702,1295873,4201,1291672
24,15.5779,2937931,1295873,4208,1291665
24,15.5313,2930910,1295873,4199,1291674
24,21.3306,2938392,1295873,4205,1291668
24,15.5739,2936897,1295873,4205,1291668
24,16.6848,2947442,1295873,4200,1291673
25,15.5055,2924530,1296040,4035,1292005
25,15.4794,2919292,1296040,4035,1292005
25,15.7403,2958206,1296040,4036,1292004
25,15.6511,2952610,1296040,4037,1292003
25,15.6425,2950656,1296040,4039,1292001
25,15.5149,2925762,1296040,4033,1292007
25,15.6547,2952109,1296040,4033,1292007
25,15.5782,2937728,1296040,4031,1292009
25,15.6239,2930148,1296040,4034,1292006
25,15.5787,2937716,1296040,4038,1292002
26,15.4548,2914535,1296193,3880,1292313
26,15.7053,2946840,1296193,3883,1292310
26,15.4341,2911274,1296193,3884,1292309
26,15.6128,2944565,1296193,3887,1292306
26,15.592,2931777,1296193,3880,1292313
26,15.5256,2929020,1296193,3884,1292309
26,15.5297,2928685,1296193,3878,1292315
26,15.7388,2968306,1296193,3882,1292311
26,15.4358,2910765,1296193,3886,1292307
26,15.5769,2939033,1296193,3880,1292313
27,15.5369,2930018,1296336,3731,1292605
27,15.5208,2912234,1296336,3746,1292590
27,15.7199,2890782,1296336,3745,1292591
27,15.4422,2912097,1296336,3733,1292603
27,15.5095,2924835,1296336,3739,1292597
27,20.6656,3179095,1296336,3754,1292582
27,15.4041,2905059,1296336,3744,1292592
27,15.4508,2913967,1296336,3736,1292600
27,15.5692,2936135,1296336,3734,1292602
27,15.5696,2936120,1296336,3740,1292596
28,15.3793,2900462,1296468,3609,1292859
28,15.3757,2899655,1296468,3603,1292865
28,21.3041,4006552,1296468,3607,1292861
28,15.3773,2899759,1296468,3600,1292868
28,15.806,2981272,1296468,3609,1292859
28,15.4718,2905344,1296468,3604,1292864
28,15.7332,2967302,1296468,3616,1292852
28,15.5535,2933091,1296468,3601,1292867
28,15.4698,2895185,1296468,3615,1292853
28,15.4753,2918595,1296468,3606,1292862
29,15.3736,2899116,1296591,3477,1293114
29,15.3523,2895130,1296591,3486,1293105
29,25.6014,4128169,1296591,3500,1293091
29,15.3517,2895764,1296591,3483,1293108
29,15.4975,2922446,1296591,3489,1293102
29,15.5108,2910153,1296591,3485,1293106
29,15.3537,2895382,1296591,3484,1293107
29,15.3512,2894993,1296591,3479,1293112
29,15.5344,2920656,1296591,3482,1293109
29,15.5078,2924399,1296591,3486,1293105
30,16.8937,2895941,1296706,3369,1293337
30,15.3214,2891131,1296706,3369,1293337
30,16.1724,3020407,1296706,3376,1293330
30,15.3179,2888633,1296706,3369,1293337
30,15.3178,2888761,1296706,3372,1293334
30,15.4464,2913038,1296706,3362,1293344
30,15.5516,2915151,1296706,3372,1293334
30,16.3481,2941715,1296706,3374,1293332
30,22.8947,2910037,1296706,3367,1293339
30,15.6081,2926811,1296706,3371,1293335
31,15.4729,2918629,1296814,3254,1293560
31,18.7251,2956983,1296814,3268,1293546
31,15.3087,2887185,1296814,3263,1293551
31,15.466,2916646,1296814,3249,1293565
31,15.3173,2891175,1296814,3255,1293559
31,15.9385,3006639,1296814,3285,1293529
31,15.3928,2902888,1296814,3259,1293555
31,15.8025,2980777,1296814,3284,1293530
31,20.7534,3952285,1296814,3264,1293550
31,15.308,2886843,1296814,3260,1293554
32,15.8743,2996018,1296915,3167,1293748
32,15.3615,2897416,1296915,3161,1293754
32,15.4158,2907332,1296915,3155,1293760
32,15.9586,3001509,1296915,3363,1293552
32,15.5353,2911808,1296915,3161,1293754
32,15.2592,2877748,1296915,3157,1293758
32,15.4261,2909850,1296915,3162,1293753
32,19.0535,3589790,1296915,3178,1293737
32,15.2687,2882671,1296915,3158,1293757
32,15.2603,2877627,1296915,3158,1293757
33,15.242,2874217,1297009,3066,1293943
33,15.3206,2889575,1297009,3061,1293948
33,15.2524,2877023,1297009,3070,1293939
33,15.2567,2877157,1297009,3065,1293944
33,15.2506,2876190,1297009,3062,1293947
33,15.4211,2896297,1297009,3068,1293941
33,16.0406,3015066,1297009,3077,1293932
33,17.7359,2891720,1297009,3077,1293932
33,15.8959,2892127,1297009,3062,1293947
33,15.3048,2875964,1297009,3061,1293948
34,15.3202,2889610,1297098,2973,1294125
34,15.5111,2904045,1297098,2989,1294109
34,15.3564,2896635,1297098,2985,1294113
34,15.3596,2881143,1297098,2980,1294118
34,15.5947,2941212,1297098,2967,1294131
34,15.8873,2894865,1297098,2977,1294121
34,15.4077,2905743,1297098,2975,1294123
34,15.4023,2904358,1297098,2975,1294123
34,15.4012,2904632,1297098,2978,1294120
34,15.236,2873419,1297098,2973,1294125
35,15.3614,2896828,1297182,2896,1294286
35,15.3767,2900795,1297182,2888,1294294
35,15.3008,2885359,1297182,2892,1294290
35,15.1952,2865703,1297182,2891,1294291
35,15.3191,2888986,1297182,2894,1294288
35,15.2048,2867513,1297182,2894,1294288
35,15.2052,2867972,1297182,2901,1294281
35,15.5857,2939691,1297182,2900,1294282
35,15.1962,2865625,1297182,2892,1294290
35,15.3485,2894275,1297182,2894,1294288
36,15.3481,2895734,1297262,2820,1294442
36,15.2605,2879377,1297262,2811,1294451
36,15.4234,2909210,1297262,2819,1294443
36,15.1835,2863858,1297262,2813,1294449
36,15.3481,2894958,1297262,2818,1294444
36,15.5034,2924231,1297262,2817,1294445
36,15.2757,2882780,1297262,2821,1294441
36,15.5033,2925336,1297262,2816,1294446
36,19.0047,3029066,1297262,2827,1294435
36,15.3488,2894422,1297262,2818,1294444
37,15.4301,2910939,1297337,2744,1294593
37,15.3429,2893616,1297337,2741,1294596
37,15.3551,2876713,1297337,2740,1294597
37,15.3406,2893602,1297337,2737,1294600
37,15.3422,2893619,1297337,2739,1294598
37,16.5275,2884184,1297337,2739,1294598
37,15.3815,2893691,1297337,2737,1294600
37,15.5103,2925264,1297337,2730,1294607
37,21.4515,2910572,1297337,2744,1294593
37,15.3415,2893528,1297337,2738,1294599
38,15.3029,2885905,1297408,2670,1294738
38,33.2589,4001688,1297408,2737,1294671
38,15.3122,2887615,1297408,2663,1294745
38,21.5712,2930378,1297408,2678,1294730
38,15.7739,2975377,1297408,2690,1294718
38,15.1426,2855616,1297408,2670,1294738
38,22.4831,2921019,1297408,2674,1294734
38,15.1449,2855940,1297408,2668,1294740
38,15.9183,2986588,1297408,2701,1294707
38,15.3061,2886691,1297408,2663,1294745
39,15.2959,2885019,1297475,2595,1294880
39,15.2011,2859184,1297475,2603,1294872
39,15.3562,2899725,1297475,2605,1294870
39,15.1378,2855467,1297475,2603,1294872
39,15.3969,2889417,1297475,2606,1294869
39,15.2283,2872139,1297475,2600,1294875
39,15.1425,2856748,1297475,2599,1294876
39,15.2959,2884598,1297475,2599,1294876
39,16.8598,2885560,1297475,2599,1294876
39,15.7213,2965155,1297475,2610,1294865
40,15.1971,2868133,1297540,2535,1295005
40,19.9944,3810447,1297540,2539,1295001
40,15.127,2852841,1297540,2532,1295008
40,15.4906,2921526,1297540,2535,1295005
40,23.5058,4440097,1297540,2547,1294993
40,15.327,2895394,1297540,2549,1294991
40,17.1697,3232049,1297540,2547,1294993
40,15.1348,2854598,1297540,2537,1295003
40,15.1277,2854884,1297540,2540,1295000
40,23.3325,4407505,1297540,2579,1294961
41,21.1567,4028114,1297600,2484,1295116
41,23.7719,4404752,1297600,2501,1295099
41,15.5776,2906659,1297600,2475,1295125
41,22.7749,4300506,1297600,2483,1295117
41,15.1693,2861889,1297600,2475,1295125
41,15.1696,2862314,1297600,2466,1295134
41,16.146,3049585,1297600,2657,1294943
41,15.2524,2877614,1297600,2470,1295130
41,15.4175,2892903,1297600,2484,1295116
41,15.2618,2878379,1297600,2476,1295124
42,15.1726,2861331,1297659,2420,1295239
42,15.2881,2883857,1297659,2410,1295249
42,15.2439,2874874,1297659,2411,1295248
42,15.2934,2872555,1297659,2417,1295242
42,15.1038,2848768,1297659,2409,1295250
42,15.2536,2876814,1297659,2413,1295246
42,20.1467,3722190,1297659,2421,1295238
42,21.5366,2902328,1297659,2421,1295238
42,15.2444,2875317,1297659,2417,1295242
42,15.301,2869384,1297659,2413,1295246
43,15.2523,2876459,1297714,2362,1295352
43,15.2468,2875502,1297714,2354,1295360
43,15.6614,2954266,1297714,2469,1295245
43,15.2467,2875315,1297714,2356,1295358
43,15.25,2875936,1297714,2359,1295355
43,15.2581,2878247,1297714,2361,1295353
43,20.6327,3898033,1297714,2526,1295188
43,16.9444,2868804,1297714,2362,1295352
43,15.2576,2877764,1297714,2355,1295359
43,15.1613,2859343,1297714,2362,1295352
44,15.4683,2902651,1297767,2307,1295460
44,15.0626,2840399,1297767,2311,1295456
44,15.2137,2869121,1297767,2306,1295461
44,15.0605,2840406,1297767,2308,1295459
44,15.2251,2871369,1297767,2306,1295461
44,15.6621,2940554,1297767,2310,1295457
44,15.2139,2869557,1297767,2305,1295462
44,15.6973,2963876,1297767,2318,1295449
44,15.2209,2870959,1297767,2309,1295458
44,15.2913,2866722,1297767,2302,1295465
45,15.0494,2838121,1297817,2259,1295558
45,15.0483,2838165,1297817,2254,1295563
45,15.04,2836322,1297817,2256,1295561
45,15.2502,2876062,1297817,2246,1295571
45,15.1818,2853566,1297817,2257,1295560
45,15.0397,2836410,1297817,2261,1295556
45,15.7683,2974445,1297817,2266,1295551
45,15.3483,2880473,1297817,2258,1295559
45,15.1344,2854274,1297817,2252,1295565
45,15.1667,2861807,1297817,2258,1295559
46,15.5451,2932271,1297866,2221,1295645
46,15.2133,2869139,1297866,2209,1295657
46,15.22,2870495,1297866,2206,1295660
46,16.7047,2835783,1297866,2205,1295661
46,17.6256,2837553,1297866,2210,1295656
46,21.4836,4054153,1297866,2245,1295621
46,15.0471,2838747,1297866,2203,1295663
46,18.6561,2883403,1297866,2212,1295654
46,17.1894,3248011,1297866,2227,1295639
46,15.2345,2874360,1297866,2191,1295675
47,15.4968,2907245,1297912,2170,1295742
47,15.0827,2845144,1297912,2162,1295750
47,15.0309,2834863,1297912,2163,1295749
47,16.7787,2865993,1297912,2164,1295748
47,15.0289,2835023,1297912,2167,1295745
47,15.0215,2833356,1297912,2167,1295745
47,23.0457,4352108,1297912,2186,1295726
47,16.7588,2866194,1297912,2165,1295747
47,23.5394,4446774,1297912,2181,1295731
47,15.4383,2893004,1297912,2196,1295716
48,15.4036,2907345,1297956,2130,1295826
48,15.6884,2872765,1297956,2127,1295829
48,16.1649,2960476,1297956,2123,1295833
48,15.6771,2870445,1297956,2117,1295839
48,15.4745,2832822,1297956,2123,1295833
48,16.3078,2984759,1297956,2119,1295837
48,15.1818,2862990,1297956,2116,1295840
48,15.0124,2831224,1297956,2119,1295837
48,15.2644,2865597,1297956,2121,1295835
48,19.9265,3780853,1297956,2900,1295056
49,25.9339,4319723,1297999,2095,1295904
49,31.5501,4901609,1297999,2081,1295918
49,31.9193,4638145,1297999,2098,1295901
49,18.4372,2863490,1297999,2071,1295928
49,17.9542,2872795,1297999,2081,1295918
49,17.02,2832183,1297999,2076,1295923
49,17.0175,2832706,1297999,2072,1295927
49,17.258,2840202,1297999,2076,1295923
49,16.4605,2830222,1297999,2076,1295923
49,17.2867,2973011,1297999,2274,1295725
50,16.4465,2827921,1298040,2038,1296002
50,16.6512,2955870,1298040,2042,1295998
50,16.1718,2858535,1298040,2028,1296012
50,15.5326,2843304,1298040,2037,1296003
50,23.8398,4273355,1298040,2741,1295299
50,16.8376,2846167,1298040,2038,1296002
50,16.6145,2857129,1298040,2033,1296007
50,16.4407,2827127,1298040,2038,1296002
50,16.0964,2857248,1298040,2030,1296010
50,16.1447,2850960,1298040,2043,1295997
51,16.0972,2857048,1298079,1990,1296089
51,16.0913,2856573,1298079,1988,1296091
51,15.8344,2879815,1298079,2001,1296078
51,15.6676,2868179,1298079,1996,1296083
51,18.195,3332274,1298079,2129,1295950
51,15.4469,2828151,1298079,1996,1296083
51,15.8765,2906012,1298079,2001,1296078
51,15.0488,2838168,1298079,1991,1296088
51,15.0785,2843616,1298079,1994,1296085
51,15.1527,2857947,1298079,1992,1296087
52,21.9085,2832655,1298116,1965,1296151
52,15.1472,2856722,1298116,1952,1296164
52,15.1353,2854612,1298116,1962,1296154
52,14.9814,2825520,1298116,1963,1296153
52,15.0579,2840019,1298116,1962,1296154
52,15.0573,2839828,1298116,1955,1296161
52,15.0319,2824740,1298116,1959,1296157
52,14.9807,2825363,1298116,1959,1296157
52,14.9735,2823907,1298116,1961,1296155
52,15.0319,2821211,1298116,1957,1296159
53,14.9727,2824222,1298153,1926,1296227
53,20.579,3420489,1298153,1931,1296222
53,15.1317,2853634,1298153,1928,1296225
53,15.1447,2855825,1298153,1918,1296235
53,15.6703,2856560,1298153,1924,1296229
53,15.0249,2833792,1298153,1922,1296231
53,15.1434,2844023,1298153,1918,1296235
53,15.1334,2854304,1298153,1919,1296234
53,15.3376,2893094,1298153,1923,1296230
53,14.9638,2821941,1298153,1920,1296233
54,15.3125,2887920,1298188,1889,1296299
54,15.1307,2855603,1298188,1887,1296301
54,25.5277,4823548,1298188,1883,1296305
54,16.1524,3049978,1298188,1890,1296298
54,16.178,2883975,1298188,1893,1296295
54,16.4919,2852380,1298188,1896,1296292
54,16.5845,2853991,1298188,1882,1296306
54,18.6461,2972949,1298188,2047,1296141
54,24.6042,3790872,1298188,1891,1296297
54,28.3394,4273138,1298188,1918,1296270
55,18.5498,2882519,1298221,1862,1296359
55,18.1634,2822076,1298221,1854,1296367
55,18.6326,2884343,1298221,1856,1296365
55,18.1574,2821581,1298221,1852,1296369
55,19.1403,2867353,1298221,1862,1296359
55,19.0519,2854079,1298221,1858,1296363
55,19.6158,2855587,1298221,1860,1296361
55,24.8237,3318530,1298221,2258,1295963
55,18.911,2833030,1298221,1854,1296367
55,22.5688,2912673,1298221,1865,1296356
56,19.2642,2885520,1298254,1813,1296441
56,30.4671,4399856,1298254,3287,1294967
56,23.4222,3381736,1298254,1839,1296415
56,24.8973,3412951,1298254,1837,1296417
56,22.183,2874366,1298254,1826,1296428
56,21.3003,2836847,1298254,1811,1296443
56,31.1512,4152874,1298254,2837,1295417
56,21.6342,2884619,1298254,1820,1296434
56,25.7893,2843695,1298254,1823,1296431
56,21.9165,2919509,1298254,1850,1296404
57,22.5357,2982129,1298285,1800,1296485
57,24.596,3279154,1298285,1813,1296472
57,44.4162,4457460,1298285,2333,1295952
57,21.667,2886342,1298285,1801,1296484
57,24.2616,3004331,1298285,1969,1296316
57,31.9562,4435823,1298285,1806,1296479
57,35.0399,4568118,1298285,1822,1296463
57,21.7425,2878586,1298285,1787,1296498
57,40.109,4226480,1298285,2268,1296017
57,26.5876,3543478,1298285,1802,1296483
58,29.3315,2880390,1298315,1778,1296537
58,20.3018,2815441,1298315,1760,1296555
58,20.7624,2860723,1298315,1767,1296548
58,21.4918,2983319,1298315,1758,1296557
58,20.5543,2853757,1298315,1768,1296547
58,21.3725,2965988,1298315,1770,1296545
58,19.7526,2849780,1298315,1759,1296556
58,20.1532,2908515,1298315,1768,1296547
58,31.7474,3969101,1298315,2690,1295625
58,19.8998,2874675,1298315,1756,1296559
59,18.9901,2845037,1298345,1735,1296610
59,18.3773,2854608,1298345,1729,1296616
59,17.6806,2843841,1298345,1735,1296610
59,17.5711,2827104,1298345,1722,1296623
59,17.2201,2851256,1298345,1734,1296611
59,17.5537,2834570,1298345,1731,1296614
59,16.3606,2815341,1298345,1725,1296620
59,16.3678,2815027,1298345,1725,1296620
59,16.5441,2844666,1298345,1726,1296619
59,16.0221,2843588,1298345,1730,1296615
60,16.0237,2844951,1298373,1703,1296670
60,15.8427,2812853,1298373,1698,1296675
60,15.4508,2827895,1298373,1699,1296674
60,15.3618,2812023,1298373,1703,1296670
60,15.6794,2851640,1298373,1704,1296669
60,15.3643,2812721,1298373,1702,1296671
60,16.1596,2958828,1298373,1701,1296672
60,16.0324,2937533,1298373,1791,1296582
60,15.7477,2883058,1298373,1698,1296675
60,15.1029,2849191,1298373,1706,1296667
61,14.9611,2821490,1298400,1677,1296723
61,16.2182,2821298,1298400,1677,1296723
61,14.9167,2813432,1298400,1669,1296731
61,15.0822,2846272,1298400,1672,1296728
61,14.9062,2811118,1298400,1678,1296722
61,15.0833,2844589,1298400,1670,1296730
61,16.2105,2905117,1298400,1684,1296716
61,14.9076,2811139,1298400,1672,1296728
61,14.9074,2811550,1298400,1676,1296724
61,15.0897,2846232,1298400,1671,1296729
62,15.0716,2843578,1298427,1646,1296781
62,15.0552,2839162,1298427,1647,1296780
62,17.2114,2872693,1298427,1653,1296774
62,15.0881,2845460,1298427,1647,1296780
62,14.8973,2809348,1298427,1655,1296772
62,15.7427,2968607,1298427,1642,1296785
62,16.5926,2848578,1298427,1651,1296776
62,14.8978,2809545,1298427,1648,1296779
62,15.0709,2842173,1298427,1645,1296782
62,14.9061,2811796,1298427,1652,1296775
63,14.9001,2809903,1298452,1628,1296824
63,15.0517,2827055,1298452,1624,1296828
63,22.2932,4209299,1298452,1638,1296814
63,14.9899,2827168,1298452,1628,1296824
63,14.8791,2795595,1298452,1624,1296828
63,15.7718,2974672,1298452,1622,1296830
63,15.8315,2986033,1298452,1625,1296827
63,14.9599,2821019,1298452,1624,1296828
63,15.0615,2840451,1298452,1621,1296831
63,16.6053,2853169,1298452,1621,1296831
64,15.0626,2840706,1298477,1595,1296882
64,14.976,2824081,1298477,1596,1296881
64,15.0617,2840327,1298477,1590,1296887
64,19.6255,2854562,1298477,1597,1296880
64,14.8959,2809063,1298477,1597,1296880
64,14.8855,2807229,1298477,1599,1296878
64,14.8964,2809207,1298477,1600,1296877
64,14.8942,2808948,1298477,1595,1296882
64,15.0805,2832837,1298477,1597,1296880
64,14.8856,2807430,1298477,1601,1296876
65,14.9794,2825102,1298501,1575,1296926
65,15.041,2836821,1298501,1567,1296934
65,19.802,2938378,1298501,1570,1296931
65,14.9493,2819213,1298501,1567,1296934
65,14.8836,2807182,1298501,1573,1296928
65,15.2837,2882384,1298501,1571,1296930
65,15.0425,2836864,1298501,1573,1296928
65,15.2851,2883457,1298501,1573,1296928
65,15.0445,2837136,1298501,1578,1296923
65,15.0872,2836723,1298501,1567,1296934
66,14.9589,2821695,1298524,1550,1296974
66,15.2286,2862097,1298524,1553,1296971
66,15.0463,2837513,1298524,1550,1296974
66,17.0753,2948417,1298524,1549,1296975
66,15.9165,3002674,1298524,1558,1296966
66,14.8737,2805117,1298524,1550,1296974
66,15.4383,2899734,1298524,1562,1296962
66,15.0463,2837662,1298524,1547,1296977
66,15.041,2836319,1298524,1556,1296968
66,14.9395,2809176,1298524,1556,1296968
67,16.0572,3029035,1298547,1530,1297017
67,15.0988,2838319,1298547,1531,1297016
67,15.0506,2838383,1298547,1526,1297021
67,15.0556,2839387,1298547,1527,1297020
67,15.0472,2838441,1298547,1530,1297017
67,16.3132,2805016,1298547,1532,1297015
67,15.9544,2871270,1298547,1529,1297018
67,14.8693,2804258,1298547,1531,1297016
67,14.8819,2806564,1298547,1525,1297022
67,14.8761,2806058,1298547,1525,1297022
68,15.1065,2833888,1298569,1506,1297063
68,15.026,2834348,1298569,1500,1297069
68,14.8641,2803304,1298569,1513,1297056
68,14.8619,2802846,1298569,1496,1297073
68,18.038,2848442,1298569,1518,1297051
68,14.8701,2804216,1298569,1514,1297055
68,14.8837,2792654,1298569,1513,1297056
68,14.9515,2819498,1298569,1508,1297061
68,15.0307,2834825,1298569,1507,1297062
68,15.0325,2834867,1298569,1502,1297067
69,15.0552,2839463,1298590,1488,1297102
69,15.033,2835163,1298590,1484,1297106
69,15.8319,2986941,1298590,1492,1297098
69,14.8706,2804382,1298590,1487,1297103
69,15.0429,2828750,1298590,1492,1297098
69,15.0802,2844071,1298590,1485,1297105
69,21.1326,3938103,1298590,1504,1297086
69,15.1029,2833314,1298590,1485,1297105
69,15.0311,2835100,1298590,1486,1297104
69,15.0635,2831749,1298590,1485,1297105
70,16.1005,3036407,1298611,1473,1297138
70,15.198,2852919,1298611,1465,1297146
70,14.8687,2804039,1298611,1465,1297146
70,15.0343,2835806,1298611,1473,1297138
70,17.8886,2842520,1298611,1465,1297146
70,17.647,2844344,1298611,1474,1297137
70,14.8549,2801668,1298611,1454,1297157
70,14.8581,2802125,1298611,1462,1297149
70,15.0336,2835218,1298611,1463,1297148
70,14.865,2803160,1298611,1465,1297146
71,15.2493,2875636,1298631,1440,1297191
71,15.0264,2821759,1298631,1451,1297180
71,15.9969,2807601,1298631,1445,1297186
71,15.0142,2831488,1298631,1438,1297193
71,15.0117,2831176,1298631,1443,1297188
71,15.0406,2822517,1298631,1451,1297180
71,15.0182,2832261,1298631,1444,1297187
71,15.0532,2827305,1298631,1439,1297192
71,16.0217,2898342,1298631,1453,1297178
71,15.0978,2834269,1298631,1443,1297188
72,14.8493,2800539,1298651,1417,1297234
72,20.9973,2801456,1298651,1422,1297229
72,14.8502,2800406,1298651,1423,1297228
72,19.4572,3046669,1298651,1433,1297218
72,15.3878,2902836,1298651,1429,1297222
72,14.9351,2816880,1298651,1423,1297228
72,15.6432,2950459,1298651,1418,1297233
72,14.9429,2819557,1298651,1417,1297234
72,15.0151,2832738,1298651,1424,1297227
72,14.9355,2816888,1298651,1422,1297229
73,16.3483,3083638,1298670,1442,1297228
73,15.024,2833227,1298670,1408,1297262
73,15.022,2833985,1298670,1410,1297260
73,16.4143,2811363,1298670,1407,1297263
73,15.0508,2838712,1298670,1400,1297270
73,15.4106,2881431,1298670,1433,1297237
73,14.9351,2816623,1298670,1400,1297270
73,14.9691,2823420,1298670,1405,1297265
73,15.6623,2931960,1298670,1407,1297263
73,15.0161,2832503,1298670,1403,1297267
74,14.9992,2828842,1298688,1390,1297298
74,14.8329,2797397,1298688,1381,1297307
74,14.9205,2814890,1298688,1384,1297304
74,15.6636,2829552,1298688,1399,1297289
74,15.0044,2829668,1298688,1387,1297301
74,15.272,2881034,1298688,1393,1297295
74,14.9306,2815728,1298688,1387,1297301
74,15.7995,2820916,1298688,1381,1297307
74,14.8393,2798388,1298688,1385,1297303
74,15.0004,2828721,1298688,1380,1297308
75,22.3042,3799685,1298706,1379,1297327
75,14.9181,2814333,1298706,1363,1297343
75,16.0615,3013878,1298706,1409,1297297
75,15.0401,2836235,1298706,1367,1297339
75,18.7056,2845569,1298706,1377,1297329
75,15.019,2832609,1298706,1362,1297344
75,22.6127,2804967,1298706,1371,1297335
75,14.9056,2810890,1298706,1364,1297342
75,18.9708,2831664,1298706,1385,1297321
75,14.83,2797350,1298706,1365,1297341
76,14.84,2798646,1298724,1350,1297374
76,15.2356,2873344,1298724,1349,1297375
76,14.9112,2812195,1298724,1349,1297375
76,21.4778,2813094,1298724,1354,1297370
76,14.8313,2796938,1298724,1354,1297370
76,16.2518,2785200,1298724,1350,1297374
76,19.7658,2822161,1298724,1350,1297374
76,14.8354,2798052,1298724,1352,1297372
76,15.0047,2830470,1298724,1349,1297375
76,14.8286,2796444,1298724,1351,1297373
77,16.3168,2805399,1298741,1339,1297402
77,14.9621,2809099,1298741,1338,1297403
77,16.3017,2801948,1298741,1335,1297406
77,15.0509,2822971,1298741,1333,1297408
77,14.8272,2796287,1298741,1335,1297406
77,22.0031,2775934,1298741,1338,1297403
77,16.4314,2828297,1298741,1330,1297411
77,23.3436,3678883,1298741,1356,1297385
77,15.1979,2866824,1298741,1364,1297377
77,21.272,2828377,1298741,1337,1297404
78,14.9105,2811933,1298757,1318,1297439
78,14.9061,2811024,1298757,1313,1297444
78,15.0365,2835699,1298757,1321,1297436
78,17.0306,2801439,1298757,1323,1297434
78,14.9054,2811143,1298757,1318,1297439
78,14.9126,2814818,1298757,1319,1297438
78,14.8256,2795879,1298757,1319,1297438
78,14.9858,2826323,1298757,1312,1297445
78,17.4931,2884099,1298757,1332,1297425
78,15.5212,2828054,1298757,1323,1297434
79,14.8236,2795462,1298774,1304,1297470
79,26.2276,2899426,1298774,1311,1297463
79,20.9512,3844419,1298774,1307,1297467
79,23.2044,4291470,1298774,1342,1297432
79,20.5521,3905640,1298774,1313,1297461
79,27.3396,4388427,1298774,1326,1297448
79,20.2871,3551351,1298774,1329,1297445
79,16.2102,2994199,1298774,1305,1297469
79,15.1178,2854129,1298774,1307,1297467
79,14.8622,2803982,1298774,1306,1297468
80,15.5794,2910652,1298790,1288,1297502
80,17.3451,2821106,1298790,1287,1297503
80,18.0795,2830722,1298790,1293,1297497
80,14.9733,2824655,1298790,1284,1297506
80,14.9711,2825088,1298790,1265,1297525
80,16.742,2949694,1298790,1296,1297494
80,15.332,2796588,1298790,1288,1297502
80,16.3107,2955817,1298790,1287,1297503
80,15.9191,2827366,1298790,1288,1297502
80,17.3612,3070642,1298790,1318,1297472
81,16.2403,2793159,1298805,1267,1297538
81,24.7239,2862300,1298805,1276,1297529
81,16.5055,2827026,1298805,1265,1297540
81,16.2914,2892020,1298805,1272,1297533
81,19.9249,2903290,1298805,1281,1297524
81,15.4355,2825254,1298805,1270,1297535
81,15.5811,2823685,1298805,1276,1297529
81,16.2574,2891936,1298805,1267,1297538
81,15.2552,2792744,1298805,1272,1297533
81,15.5517,2835272,1298805,1268,1297537
82,15.8953,2822376,1298820,1266,1297554
82,26.0515,4461734,1298820,1293,1297527
82,17.1337,2826634,1298820,1257,1297563
82,17.4197,2884384,1298820,1264,1297556
82,16.7885,2795043,1298820,1254,1297566
82,24.0951,4016155,1298820,1283,1297537
82,16.7771,2792262,1298820,1252,1297568
82,16.4412,2827450,1298820,1255,1297565
82,16.4782,2833615,1298820,1259,1297561
82,25.7758,2830427,1298820,1261,1297559
83,17.2214,2827782,1298835,1243,1297592
83,18.6342,2817630,1298835,1249,1297586
83,16.8158,2827775,1298835,1241,1297594
83,22.7511,2822534,1298835,1244,1297591
83,15.4851,2821035,1298835,1243,1297592
83,15.319,2804652,1298835,1239,1297596
83,15.9763,2802921,1298835,1244,1297591
83,15.2482,2790990,1298835,1241,1297594
83,15.3413,2807930,1298835,1241,1297594
83,15.1159,2832471,1298835,1240,1297595
84,14.8005,2791317,1298849,1228,1297621
84,16.2423,2825737,1298849,1225,1297624
84,18.5336,3311018,1298849,1677,1297172
84,21.3494,4056176,1298849,1959,1296890
84,15.277,2867382,1298849,1228,1297621
84,15.1943,2865286,1298849,1223,1297626
84,15.454,2896886,1298849,1223,1297626
84,14.8874,2808118,1298849,1226,1297623
84,14.9667,2822426,1298849,1224,1297625
84,14.9871,2826560,1298849,1223,1297626
85,14.9945,2817373,1298863,1214,1297649
85,14.7945,2790810,1298863,1213,1297650
85,14.7936,2789800,1298863,1212,1297651
85,14.7991,2790941,1298863,1214,1297649
85,14.9688,2822783,1298863,1211,1297652
85,14.9691,2822794,1298863,1217,1297646
85,14.9645,2822173,1298863,1216,1297647
85,14.7966,2790390,1298863,1203,1297660
85,15.0977,2831294,1298863,1213,1297650
85,14.7987,2791109,1298863,1210,1297653
86,14.8003,2792604,1298877,1200,1297677
86,14.9555,2821392,1298877,1203,1297674
86,15.0706,2829368,1298877,1203,1297674
86,14.8787,2806438,1298877,1204,1297673
86,19.4799,2792302,1298877,1202,1297675
86,14.795,2790334,1298877,1196,1297681
86,16.2231,3038045,1298877,1227,1297650
86,15.439,2912668,1298877,1236,1297641
86,14.9766,2825856,1298877,1204,1297673
86,15.7951,2863006,1298877,1203,1297674
87,15.028,2835338,1298890,1187,1297703
87,15.7194,2878605,1298890,1210,1297680
87,15.5485,2846742,1298890,1190,1297700
87,16.0976,2810514,1298890,1189,1297701
87,14.7859,2788303,1298890,1184,1297706
87,15.0311,2823317,1298890,1191,1297699
87,15.2754,2881394,1298890,1192,1297698
87,14.7895,2789033,1298890,1190,1297700
87,14.9529,2819825,1298890,1184,1297706
87,14.881,2806353,1298890,1191,1297699
88,15.1453,2838852,1298903,1174,1297729
88,14.9569,2821085,1298903,1174,1297729
88,14.7889,2789006,1298903,1172,1297731
88,15.17,2860937,1298903,1169,1297734
88,15.5493,2932310,1298903,1173,1297730
88,14.9649,2822130,1298903,1163,1297740
88,14.9575,2821167,1298903,1168,1297735
88,14.7826,2788078,1298903,1172,1297731
88,14.9661,2822129,1298903,1175,1297728
88,16.5269,3132390,1298903,1176,1297727
89,14.9526,2806007,1298916,1156,1297760
89,14.8689,2804983,1298916,1163,1297753
89,14.7795,2787404,1298916,1163,1297753
89,14.9642,2812518,1298916,1160,1297756
89,15.4402,2913055,1298916,1158,1297758
89,14.9497,2819458,1298916,1157,1297759
89,14.9679,2814261,1298916,1166,1297750
89,14.8534,2801033,1298916,1155,1297761
89,14.8716,2804863,1298916,1159,1297757
89,15.9624,2788669,1298916,1150,1297766
90,15.0074,2818084,1298928,1148,1297780
90,14.9687,2823322,1298928,1143,1297785
90,14.8617,2803336,1298928,1141,1297787
90,14.8622,2802728,1298928,1149,1297779
90,14.8613,2802789,1298928,1144,1297784
90,14.779,2787257,1298928,1144,1297784
90,14.9411,2818190,1298928,1144,1297784
90,14.7774,2787003,1298928,1153,1297775
90,14.9458,2818709,1298928,1147,1297781
90,14.9516,2819952,1298928,1149,1297779
91,14.9542,2821090,1298941,1129,1297812
91,14.7827,2788315,1298941,1133,1297808
91,14.852,2801965,1298941,1133,1297808
91,15.2061,2868309,1298941,1184,1297757
91,14.9498,2819256,1298941,1133,1297808
91,16.7575,2875836,1298941,1135,1297806
91,14.7822,2787778,1298941,1132,1297809
91,14.8452,2800170,1298941,1135,1297806
91,14.9538,2820087,1298941,1136,1297805
91,14.7832,2787975,1298941,1134,1297807
92,15.5106,2913149,1298953,1147,1297806
92,14.8667,2803622,1298953,1120,1297833
92,15.8847,2997053,1298953,1131,1297822
92,14.9361,2794619,1298953,1123,1297830
92,14.7765,2786749,1298953,1124,1297829
92,14.8697,2804312,1298953,1118,1297835
92,21.5295,4088698,1298953,1149,1297804
92,16.8049,2820943,1298953,1126,1297827
92,14.8688,2804074,1298953,1126,1297827
92,15.0725,2824792,1298953,1125,1297828
93,14.9405,2817887,1298964,1112,1297852
93,14.8622,2803396,1298964,1113,1297851
93,14.8367,2798264,1298964,1113,1297851
93,14.9544,2820371,1298964,1112,1297852
93,14.7779,2787327,1298964,1111,1297853
93,15.0092,2817764,1298964,1117,1297847
93,14.9428,2818227,1298964,1116,1297848
93,14.8483,2800210,1298964,1114,1297850
93,14.8547,2801560,1298964,1109,1297855
93,14.9395,2817466,1298964,1107,1297857
94,14.775,2786562,1298976,1100,1297876
94,14.774,2786465,1298976,1098,1297878
94,18.6608,2758840,1298976,1102,1297874
94,14.7665,2784768,1298976,1100,1297876
94,14.8526,2801073,1298976,1092,1297884
94,15.9302,2787019,1298976,1099,1297877
94,19.9137,3763364,1298976,1122,1297854
94,15.5296,2913841,1298976,1096,1297880
94,14.9442,2818283,1298976,1098,1297878
94,14.9441,2818173,1298976,1101,1297875
95,15.625,2933661,1298987,1094,1297893
95,14.9334,2816317,1298987,1088,1297899
95,14.7683,2785007,1298987,1089,1297898
95,14.9223,2803454,1298987,1091,1297896
95,14.8367,2798353,1298987,1087,1297900
95,14.9275,2815290,1298987,1090,1297897
95,18.8486,3561548,1298987,1102,1297885
95,14.855,2801848,1298987,1091,1297896
95,14.9319,2816382,1298987,1086,1297901
95,14.7666,2784721,1298987,1082,1297905
96,15.5702,2936799,1298998,1070,1297928
96,14.7591,2783548,1298998,1076,1297922
96,14.7609,2783867,1298998,1080,1297918
96,14.9825,2816364,1298998,1072,1297926
96,14.9267,2815046,1298998,1081,1297917
96,14.7707,2785606,1298998,1081,1297917
96,14.7588,2783338,1298998,1073,1297925
96,14.9163,2797273,1298998,1086,1297912
96,16.7465,3158796,1298998,1234,1297764
96,14.7602,2783603,1298998,1080,1297918
97,15.4825,2920922,1299009,1146,1297863
97,14.9306,2816168,1299009,1064,1297945
97,14.9928,2811443,1299009,1066,1297943
97,15.3821,2902366,1299009,1064,1297945
97,14.9335,2816452,1299009,1062,1297947
97,14.9357,2817478,1299009,1065,1297944
97,14.7562,2782757,1299009,1061,1297948
97,15.5056,2901587,1299009,1071,1297938
97,14.7581,2783449,1299009,1072,1297937
97,15.0166,2819183,1299009,1065,1297944
98,15.4564,2815250,1299019,1059,1297960
98,15.8686,2889191,1299019,1053,1297966
98,14.7598,2784646,1299019,1062,1297957
98,15.8907,2997145,1299019,1059,1297960
98,14.9221,2814883,1299019,1055,1297964
98,15.0313,2811054,1299019,1056,1297963
98,14.9221,2814685,1299019,1055,1297964
98,14.9227,2814330,1299019,1056,1297963
98,14.7579,2783367,1299019,1053,1297966
98,14.7596,2772853,1299019,1057,1297962
99,14.8015,2792788,1299029,1045,1297984
99,14.9274,2815082,1299029,1043,1297986
99,20.7158,2794165,1299029,1045,1297984
99,14.7583,2783603,1299029,1042,1297987
99,14.8459,2799891,1299029,1053,1297976
99,16.281,3062495,1299029,1054,1297975
99,15.5342,2930361,1299029,1045,1297984
99,15.5334,2929828,1299029,1045,1297984
99,15.848,2800053,1299029,1049,1297980
99,14.7532,2782232,1299029,1041,1297988
100,14.7595,2783559,1299040,1035,1298005
100,20.2553,3845572,1299040,1037,1298003
100,14.9295,2815307,1299040,1041,1297999
100,15.4998,2923008,1299040,1039,1298001
100,14.7584,2783837,1299040,1032,1298008
100,14.8369,2798025,1299040,1038,1298002
100,15.1105,2849824,1299040,1033,1298007
100,15.1102,2849714,1299040,1025,1298015
100,16.4732,3107743,1299040,1214,1297826
100,14.7512,2782128,1299040,1036,1298004
