3,20.72,2613982,566706,35,566671
3,12.995,1803718,566706,27,566679
3,12.9944,1804361,566706,26,566680
3,12.4941,1802904,566706,22,566684
3,12.4961,1804271,566706,24,566682
3,19.6408,2835632,566706,34,566672
3,12.7985,1848828,566706,21,566685
3,12.0334,1803730,566706,25,566681
3,12.0313,1802683,566706,22,566684
3,11.6021,1802412,566706,24,566682
4,17.9487,2867406,575040,42,574998
4,12.4459,2003231,575040,29,575011
4,12.4467,2002784,575040,28,575012
4,11.7328,1953042,575040,30,575010
4,11.9309,2004555,575040,22,575018
4,11.6434,2002945,575040,23,575017
4,11.3501,2015025,575040,23,575017
4,10.9982,1953902,575040,30,575010
4,10.6654,1954590,575040,26,575014
4,10.9381,2002853,575040,30,575010
5,10.9025,1996322,580040,32,580008
5,12.6621,1997553,580040,29,580011
5,10.9016,1996169,580040,26,580014
5,10.5819,1997221,580040,32,580008
5,10.5811,1996177,580040,28,580012
5,10.5808,1996101,580040,22,580018
5,10.5814,1996095,580040,29,580011
5,10.5819,1996344,580040,28,580012
5,10.5823,1996217,580040,31,580009
5,11.095,2092867,580040,28,580012
6,12.4374,2369821,583373,43,583330
6,10.9539,2066453,583373,29,583344
6,10.8585,2048368,583373,31,583342
6,10.952,2066816,583373,24,583349
6,11.0114,2067166,583373,31,583342
6,10.9526,2066329,583373,24,583349
6,10.857,2048392,583373,31,583342
6,10.952,2065896,583373,25,583348
6,10.9541,2066191,583373,33,583340
6,11.5118,2069983,583373,34,583339
7,11.1484,2103125,585754,27,585727
7,11.2105,2103510,585754,29,585725
7,11.147,2103686,585754,25,585729
7,10.9967,2074528,585754,23,585731
7,11.2906,2108175,585754,34,585720
7,10.9959,2074175,585754,28,585726
7,11.1461,2102522,585754,24,585730
7,15.6887,2966902,585754,26,585728
7,11.1476,2102649,585754,27,585727
7,11.1474,2102697,585754,30,585724
8,11.0829,2091032,587540,34,587506
8,11.3174,2121277,587540,39,587501
8,11.2137,2115302,587540,28,587512
8,11.2163,2116743,587540,30,587510
8,11.3509,2119028,587540,42,587498
8,11.5209,2173918,587540,36,587504
8,11.2133,2115214,587540,27,587513
8,11.3836,2147594,587540,34,587506
8,11.514,2157527,587540,45,587495
8,11.2141,2115080,587540,27,587513
9,11.3093,2135215,588928,30,588898
9,11.3096,2133382,588928,29,588899
9,11.3094,2134897,588928,29,588899
9,11.3094,2133531,588928,28,588900
9,11.3095,2134305,588928,27,588901
9,11.774,2136277,588928,37,588891
9,15.7627,2992308,588928,2958,585970
9,11.3112,2134226,588928,32,588896
9,11.3096,2134819,588928,30,588898
9,11.3089,2133505,588928,25,588903
10,11.3601,2142816,590040,26,590014
10,11.7049,2144266,590040,30,590010
10,11.1864,2048162,590040,25,590015
10,11.5343,2048247,590040,29,590011
10,20.4974,3526717,590040,44,589996
10,12.4609,2145752,590040,32,590008
10,11.9051,2049173,590040,20,590020
10,12.6156,2147456,590040,33,590007
10,14.0961,2436187,590040,49,589991
10,12.4182,2136860,590040,24,590016
11,12.4527,2143493,590949,32,590917
11,12.9479,2155648,590949,27,590922
11,12.9481,2155488,590949,27,590922
11,12.5301,2154982,590949,30,590919
11,12.5291,2155107,590949,22,590927
11,12.983,2309908,590949,30,590919
11,12.1942,2167137,590949,30,590919
11,12.139,2155318,590949,26,590923
11,12.0501,2139577,590949,31,590918
11,11.7733,2158056,590949,27,590922
12,14.7311,2706429,591706,29,591677
12,11.8105,2163571,591706,21,591685
12,12.776,2172718,591706,29,591677
12,12.1725,2161199,591706,24,591682
12,11.879,2175035,591706,134,591572
12,11.7951,2159251,591706,30,591676
12,11.8052,2161513,591706,34,591672
12,11.8042,2162124,591706,25,591681
12,11.8803,2161750,591706,30,591676
12,11.8795,2174957,591706,134,591572
13,13.4238,2357367,592347,79,592268
13,16.8086,2171899,592347,29,592318
13,11.8534,2170324,592347,28,592319
13,12.1034,2264224,592347,46,592301
13,11.5044,2170099,592347,28,592319
13,11.6723,2202939,592347,36,592311
13,14.7819,2171938,592347,26,592321
13,11.5032,2169904,592347,23,592324
13,11.5162,2173097,592347,35,592312
13,11.5143,2171989,592347,27,592320
14,11.5273,2174489,592897,32,592865
14,11.6882,2206730,592897,26,592871
14,11.8908,2242942,592897,29,592868
14,11.5265,2175565,592897,29,592868
14,11.526,2174221,592897,24,592873
14,11.5781,2175598,592897,24,592873
14,11.5268,2175342,592897,28,592869
14,11.5273,2176518,592897,31,592866
14,11.5265,2174652,592897,26,592871
14,11.5358,2177261,592897,28,592869
15,10.9721,2070776,593373,28,593345
15,10.9703,2069707,593373,23,593350
15,10.971,2069483,593373,27,593346
15,11.5616,2181335,593373,27,593346
15,11.5762,2184660,593373,30,593343
15,11.6207,2195158,593373,32,593341
15,11.6118,2182245,593373,31,593342
15,11.6676,2201892,593373,31,593342
15,11.6363,2194752,593373,133,593240
15,11.3628,2145045,593373,28,593345
16,11.5772,2183885,593790,22,593768
16,11.6218,2195408,593790,24,593766
16,12.6101,2191340,593790,40,593750
16,11.929,2184006,593790,24,593766
16,11.9287,2183937,593790,26,593764
16,11.5787,2184012,593790,24,593766
16,11.9289,2184519,593790,27,593763
16,11.9293,2183939,593790,24,593766
16,12.0582,2191726,593790,34,593756
16,12.112,2188088,593790,33,593757
17,11.6076,2189351,594157,27,594130
17,11.656,2190031,594157,29,594128
17,11.7075,2209580,594157,34,594123
17,18.523,3190211,594157,50,594107
17,20.4113,3176310,594157,38,594119
17,14.6179,2190641,594157,33,594124
17,15.5945,2230120,594157,38,594119
17,15.1791,2190051,594157,25,594132
17,15.1796,2190430,594157,34,594123
17,15.2703,2189799,594157,29,594128
18,22.9071,2193651,594484,26,594458
18,15.1948,2191933,594484,27,594457
18,14.6306,2192334,594484,25,594459
18,14.6306,2192531,594484,28,594456
18,14.6306,2192348,594484,28,594456
18,14.7056,2203430,594484,26,594458
18,14.6313,2192201,594484,31,594453
18,14.7521,2197311,594484,30,594454
18,16.194,2298236,594484,27,594457
18,15.1941,2192199,594484,29,594455
19,15.2264,2196886,594776,30,594746
19,14.6604,2196051,594776,27,594749
19,14.1384,2196111,594776,29,594747
19,14.2837,2199737,594776,36,594740
19,13.6923,2202982,594776,30,594746
19,13.1975,2196737,594776,31,594745
19,13.1946,2196078,594776,25,594751
19,12.7689,2196460,594776,25,594751
19,12.7688,2195824,594776,22,594754
19,12.3717,2196334,594776,30,594746
20,12.3694,2195957,595040,23,595017
20,12.0046,2197991,595040,25,595015
20,11.4832,2102334,595040,23,595017
20,11.6517,2197889,595040,29,595011
20,10.9896,2072829,595040,23,595017
20,11.6977,2183270,595040,29,595011
20,11.1772,2112549,595040,32,595008
20,11.1465,2092033,595040,32,595008
20,11.6507,2198506,595040,23,595017
20,10.9916,2073396,595040,29,595011
21,12.9627,2444751,595278,4807,590471
21,13.0426,2459829,595278,4794,590484
21,13.9882,2654043,595278,4017,591261
21,12.9643,2445850,595278,4806,590472
21,13.0381,2445741,595278,4807,590471
21,12.9649,2445345,595278,4802,590476
21,14.1425,2446484,595278,4809,590469
21,16.6155,2457330,595278,4815,590463
21,12.9569,2443799,595278,4805,590473
21,13.0008,2452095,595278,4934,590344
22,13.0166,2455136,595494,4576,590918
22,12.9596,2444452,595494,4701,590793
22,13.0217,2457172,595494,4569,590925
22,13.0212,2455943,595494,4564,590930
22,12.9368,2442254,595494,4572,590922
22,12.9603,2445209,595494,4700,590794
22,12.9306,2439188,595494,4700,590794
22,12.8941,2432459,595494,4568,590926
22,12.8821,2430739,595494,4570,590924
22,13.0996,2451017,595494,4574,590920
23,12.8724,2427782,595692,4369,591323
23,12.9001,2434367,595692,4375,591317
23,13.5451,2436403,595692,4417,591275
23,13.0664,2449576,595692,4378,591314
23,12.8924,2432619,595692,4374,591318
23,12.95,2442566,595692,4373,591319
23,12.8842,2430523,595692,4374,591318
23,12.8993,2433475,595692,4370,591322
23,13.7239,2574838,595692,4376,591316
23,12.9207,2436809,595692,4503,591189
24,12.8664,2426893,595873,4316,591557
24,12.8763,2429255,595873,4317,591556
24,13.0216,2440292,595873,4195,591678
24,13.2192,2493435,595873,4193,591680
24,12.8691,2427279,595873,4315,591558
24,12.8651,2427779,595873,4320,591553
24,12.8346,2420960,595873,4193,591680
24,12.8322,2420136,595873,4190,591683
24,12.8339,2421470,595873,4190,591683
24,17.2191,2428696,595873,4322,591551
25,12.8324,2420478,596040,4152,591888
25,12.8414,2422367,596040,4150,591890
25,12.9251,2438821,596040,4031,592009
25,13.3688,2420156,596040,4028,592012
25,12.8426,2423425,596040,4152,591888
25,19.2142,3629495,596040,4031,592009
25,12.9179,2436988,596040,4029,592011
25,12.7768,2409935,596040,4029,592011
25,13.5534,2562932,596040,4030,592010
25,13.5253,2424765,596040,4027,592013
26,12.7976,2414918,596193,3998,592195
26,12.7991,2414772,596193,3997,592196
26,13.3556,2417450,596193,3998,592195
26,12.785,2412846,596193,3997,592196
26,12.7482,2404519,596193,3872,592321
26,12.8325,2408769,596193,3868,592325
26,12.7636,2407387,596193,3870,592323
26,12.7412,2403430,596193,3871,592322
26,12.8095,2417781,596193,3996,592197
26,12.7887,2412469,596193,3867,592326
27,12.7762,2409969,596336,3852,592484
27,12.786,2411693,596336,3853,592483
27,12.7439,2404246,596336,3729,592607
27,13.379,2523154,596336,3727,592609
27,12.7683,2409591,596336,3855,592481
27,12.7871,2412083,596336,3859,592477
27,12.7451,2403940,596336,3731,592605
27,12.753,2405161,596336,3724,592612
27,12.7449,2405403,596336,3730,592606
27,12.7447,2403745,596336,3733,592603
28,12.7376,2402524,596468,3722,592746
28,12.871,2428548,596468,3714,592754
28,12.7226,2399824,596468,3597,592871
28,12.7294,2403151,596468,3597,592871
28,12.7165,2398859,596468,3594,592874
28,12.727,2401497,596468,3597,592871
28,12.809,2415915,596468,3595,592873
28,13.9878,2403761,596468,3726,592742
28,12.799,2413948,596468,3596,592872
28,12.9464,2442501,596468,3716,592752
29,12.7653,2396547,596591,3473,593118
29,12.687,2393124,596591,3473,593118
29,12.7149,2398285,596591,3599,592992
29,12.6846,2392354,596591,3471,593120
29,12.681,2392239,596591,3476,593115
29,12.722,2399552,596591,3599,592992
29,12.7266,2402032,596591,3599,592992
29,12.7602,2396239,596591,3476,593115
29,12.7558,2405713,596591,3474,593117
29,12.7337,2402214,596591,3595,592996
30,12.6859,2392653,596706,3360,593346
30,12.6392,2385263,596706,3357,593349
30,12.7419,2389292,596706,3358,593348
30,12.6339,2384107,596706,3360,593346
30,12.6144,2379717,596706,3361,593345
30,12.7089,2383533,596706,3361,593345
30,12.6505,2387073,596706,3363,593343
30,12.6754,2390626,596706,3352,593354
30,12.7364,2404797,596706,3484,593222
30,12.7319,2401448,596706,3357,593349
31,12.6362,2383357,596814,3251,593563
31,12.6379,2383877,596814,3246,593568
31,12.7367,2387495,596814,3324,593490
31,12.7181,2398889,596814,3250,593564
31,12.6689,2389682,596814,3377,593437
31,12.7278,2401847,596814,3249,593565
31,16.6099,2385605,596814,3251,593563
31,12.7253,2400091,596814,3250,593564
31,12.6675,2390459,596814,3376,593438
31,12.6669,2389552,596814,3373,593441
32,12.7359,2386893,596915,3271,593644
32,12.5984,2376137,596915,3144,593771
32,12.6816,2391900,596915,3147,593768
32,16.3495,3114662,596915,3162,593753
32,12.612,2378711,596915,3147,593768
32,13.0241,2457670,596915,3154,593761
32,12.6599,2387919,596915,3270,593645
32,12.7739,2387301,596915,3211,593704
32,12.6842,2392387,596915,3150,593765
32,14.2576,2683155,596915,3263,593652
33,12.6205,2380952,597009,3176,593833
33,12.8109,2416841,597009,3059,593950
33,13.8862,2389862,597009,3063,593946
33,12.8427,2396755,597009,3050,593959
33,12.6356,2373352,597009,3055,593954
33,12.6343,2383158,597009,3179,593830
33,12.6004,2376848,597009,3054,593955
33,12.5941,2375537,597009,3059,593950
33,12.7128,2398934,597009,3057,593952
33,12.5805,2372725,597009,3053,593956
34,14.44,2371329,597098,2969,594129
34,12.8158,2418020,597098,2963,594135
34,12.604,2377338,597098,3088,594010
34,12.832,2390517,597098,2962,594136
34,12.5718,2371863,597098,2967,594131
34,12.5635,2369575,597098,2971,594127
34,12.6054,2380452,597098,3093,594005
34,12.6066,2380756,597098,2966,594132
34,15.261,2444366,597098,2975,594123
34,12.5635,2369426,597098,2969,594129
35,12.5528,2368324,597182,2884,594298
35,12.713,2398185,597182,2924,594258
35,12.6801,2392652,597182,3007,594175
35,15.4232,2912445,597182,2901,594281
35,12.658,2374335,597182,2885,594297
35,12.5853,2374166,597182,3008,594174
35,12.5835,2373753,597182,3003,594179
35,12.6731,2374701,597182,2887,594295
35,12.6344,2383137,597182,2887,594295
35,12.5569,2369045,597182,2882,594300
36,12.7522,2406052,597262,2920,594342
36,12.5384,2366567,597262,2805,594457
36,12.5857,2374227,597262,2924,594338
36,12.6991,2379703,597262,2804,594458
36,12.5772,2375546,597262,2930,594332
36,12.6392,2384330,597262,2800,594462
36,13.6195,2554021,597262,2892,594370
36,12.5306,2363473,597262,2802,594460
36,12.6004,2376636,597262,2805,594457
36,12.6208,2382599,597262,2801,594461
37,12.5518,2368498,597337,2848,594489
37,12.5213,2361870,597337,2730,594607
37,12.724,2383065,597337,2734,594603
37,12.6071,2377877,597337,2727,594610
37,12.4987,2357546,597337,2725,594612
37,12.5202,2362378,597337,2726,594611
37,12.521,2361814,597337,2725,594612
37,12.6203,2380301,597337,2732,594605
37,12.627,2381657,597337,2732,594605
37,12.5569,2369617,597337,2850,594487
38,12.5911,2361911,597408,2656,594752
38,12.5434,2365875,597408,2776,594632
38,12.5981,2376724,597408,2779,594629
38,12.5151,2360493,597408,2659,594749
38,12.5218,2361919,597408,2657,594751
38,12.5472,2366354,597408,2777,594631
38,12.5078,2360178,597408,2658,594750
38,12.543,2365799,597408,2779,594629
38,12.5222,2362341,597408,2662,594746
38,12.531,2366499,597408,2657,594751
39,12.5714,2359968,597475,2593,594882
39,12.4987,2357869,597475,2588,594887
39,12.4962,2357231,597475,2593,594882
39,12.4957,2356898,597475,2588,594887
39,14.731,2365364,597475,2592,594883
39,12.496,2356890,597475,2586,594889
39,12.7863,2412123,597475,2593,594882
39,13.2293,2496330,597475,2612,594863
39,14.6054,2764394,597475,2590,594885
39,12.483,2354325,597475,2584,594891
40,12.5938,2361865,597540,2645,594895
40,12.4763,2354163,597540,2529,595011
40,12.4627,2351556,597540,2522,595018
40,12.5102,2359530,597540,2644,594896
40,12.4631,2350507,597540,2523,595017
40,12.487,2355036,597540,2527,595013
40,12.4675,2351854,597540,2525,595015
40,12.528,2353913,597540,2527,595013
40,14.4442,2740533,597540,2540,595000
40,12.6757,2376628,597540,2638,594902
41,12.4997,2357978,597600,2583,595017
41,12.4648,2351394,597600,2468,595132
41,13.8253,2357767,597600,2563,595037
41,12.5113,2359999,597600,2583,595017
41,12.4642,2350805,597600,2465,595135
41,13.0381,2446638,597600,2577,595023
41,12.4976,2357134,597600,2584,595016
41,12.4642,2351088,597600,2464,595136
41,12.455,2350058,597600,2461,595139
41,12.674,2376347,597600,2470,595130
42,12.449,2347902,597659,2405,595254
42,12.4495,2348140,597659,2409,595250
42,12.6359,2366091,597659,2524,595135
42,12.5363,2364658,597659,2403,595256
42,12.4615,2350379,597659,2405,595254
42,12.5454,2355791,597659,2478,595181
42,12.4952,2356658,597659,2524,595135
42,12.4477,2348005,597659,2408,595251
42,12.4919,2356985,597659,2528,595131
42,13.7159,2589047,597659,2498,595161
43,13.8622,2354488,597714,2467,595247
43,12.6107,2379072,597714,2369,595345
43,12.472,2352241,597714,2470,595244
43,12.6711,2370742,597714,2471,595243
43,13.6875,2348719,597714,2358,595356
43,20.202,3813128,597714,2368,595346
43,20.7326,3899758,597714,2358,595356
43,13.4224,2536184,597714,2453,595261
43,12.6107,2385567,597714,2353,595361
43,12.4439,2347906,597714,2352,595362
44,12.4427,2348534,597767,2297,595470
44,14.617,2412382,597767,2300,595467
44,16.9141,2361183,597767,2331,595436
44,12.4775,2354724,597767,2418,595349
44,15.036,2566807,597767,2313,595454
44,14.1002,2420156,597767,2328,595439
44,12.4666,2352168,597767,2421,595346
44,13.0356,2438881,597767,2320,595447
44,14.3007,2512316,597767,2312,595455
44,12.6659,2362139,597767,2420,595347
45,12.6249,2360046,597817,2368,595449
45,22.357,3971836,597817,2255,595562
45,23.6268,3377764,597817,2254,595563
45,24.283,3640679,597817,2266,595551
45,33.017,3670963,597817,2272,595545
45,16.9424,2351178,597817,2364,595453
45,17.1098,2350386,597817,2243,595574
45,20.1109,2495291,597817,2334,595483
45,16.2468,2343838,597817,2247,595570
45,17.0378,2459912,597817,2342,595475
46,16.2233,2341333,597866,2195,595671
46,16.3071,2340805,597866,2201,595665
46,25.0709,3618586,597866,2202,595664
46,22.0542,2497382,597866,2248,595618
46,24.4729,2348609,597866,2320,595546
46,16.5421,2388045,597866,2219,595647
46,16.249,2344247,597866,2318,595548
46,19.9921,2414753,597866,2312,595554
46,15.1791,2341466,597866,2198,595668
46,15.0605,2339227,597866,2201,595665
47,15.5577,2489277,597912,2158,595754
47,14.6325,2354028,597912,2153,595759
47,14.0493,2338311,597912,2156,595756
47,13.6397,2345699,597912,2268,595644
47,13.6834,2353102,597912,2148,595764
47,13.1712,2338070,597912,2156,595756
47,13.2753,2344398,597912,2151,595761
47,12.7725,2338356,597912,2151,595761
47,12.9142,2351803,597912,2276,595636
47,12.8048,2344052,597912,2269,595643
48,12.7942,2342457,597956,2228,595728
48,12.7644,2336921,597956,2107,595849
48,12.665,2389381,597956,2112,595844
48,12.3884,2336796,597956,2112,595844
48,12.4661,2351457,597956,2107,595849
48,15.9867,2341906,597956,2176,595780
48,12.4222,2343129,597956,2224,595732
48,12.3914,2337108,597956,2112,595844
48,12.3919,2337434,597956,2113,595843
48,15.2153,2895518,597956,2124,595832
49,12.3769,2334359,597999,2058,595941
49,12.4137,2341468,597999,2186,595813
49,12.5661,2355598,597999,2112,595887
49,12.4758,2353149,597999,2068,595931
49,12.3738,2333915,597999,2063,595936
49,16.1368,2336463,597999,2069,595930
49,12.3726,2333538,597999,2067,595932
49,12.4132,2341115,597999,2179,595820
49,12.3768,2335923,597999,2065,595934
49,12.4679,2351667,597999,2066,595933
50,12.7928,2412852,598040,2022,596018
50,12.4019,2339766,598040,2147,595893
50,12.367,2332708,598040,2023,596017
50,12.4543,2348960,598040,2023,596017
50,12.6418,2368572,598040,2065,595975
50,12.4039,2339630,598040,2143,595897
50,12.4042,2341161,598040,2143,595897
50,12.4544,2349309,598040,2029,596011
50,12.4018,2339300,598040,2140,595900
50,12.3683,2332905,598040,2028,596012
51,12.4469,2336751,598079,1983,596096
51,12.3884,2336723,598079,2103,595976
51,12.3687,2333359,598079,1986,596093
51,12.475,2339207,598079,1984,596095
51,12.3673,2332920,598079,1983,596096
51,12.3568,2330825,598079,1984,596095
51,12.3564,2330335,598079,1988,596091
51,12.3679,2332724,598079,1989,596090
51,14.0453,2649673,598079,2089,595990
51,12.4469,2337408,598079,2102,595977
52,12.3846,2336167,598116,2065,596051
52,12.4379,2345814,598116,1947,596169
52,12.5211,2336135,598116,1988,596128
52,12.4454,2347821,598116,1951,596165
52,12.3632,2331964,598116,1950,596166
52,12.9193,2420504,598116,1965,596151
52,14.4754,2664125,598116,2015,596101
52,12.3539,2330279,598116,1947,596169
52,12.3877,2336456,598116,2062,596054
52,12.4372,2345702,598116,1947,596169
53,12.4521,2334543,598153,1911,596242
53,12.3513,2329510,598153,1911,596242
53,12.3836,2335851,598153,2034,596119
53,18.499,3492737,598153,1912,596241
53,12.3419,2329483,598153,1913,596240
53,12.4312,2345010,598153,1907,596246
53,12.3392,2327439,598153,1915,596238
53,12.3755,2334194,598153,2027,596126
53,13.5872,2564016,598153,1927,596226
53,12.3511,2330148,598153,1910,596243
54,12.3405,2327779,598188,1881,596307
54,12.9063,2331832,598188,1905,596283
54,12.3667,2332421,598188,1997,596191
54,12.363,2332199,598188,1994,596194
54,12.5987,2378736,598188,1978,596210
54,12.3601,2331832,598188,1997,596191
54,12.4572,2338350,598188,1994,596194
54,12.3611,2331326,598188,1996,596192
54,12.3359,2326642,598188,1874,596314
54,12.3323,2326568,598188,1876,596312
55,12.366,2332348,598221,1959,596262
55,12.3335,2326290,598221,1839,596382
55,12.3411,2327774,598221,1845,596376
55,12.363,2331986,598221,1965,596256
55,15.6774,2962277,598221,1896,596325
55,12.3518,2330481,598221,1847,596374
55,12.6459,2386090,598221,1958,596263
55,13.797,2327978,598221,1843,596378
55,12.417,2343210,598221,1845,596376
55,12.339,2328123,598221,1849,596372
56,12.366,2332694,598254,1929,596325
56,12.3279,2326845,598254,1812,596442
56,13.2997,2513516,598254,1852,596402
56,15.0995,2866429,598254,1829,596425
56,13.5667,2543981,598254,1901,596353
56,12.3277,2325157,598254,1812,596442
56,12.3526,2329931,598254,1926,596328
56,16.4494,2326369,598254,1810,596444
56,12.3234,2324407,598254,1815,596439
56,12.4118,2341527,598254,1813,596441
57,12.4802,2340942,598285,1837,596448
57,12.3982,2339475,598285,1783,596502
57,12.3164,2323513,598285,1781,596504
57,12.4612,2351533,598285,1838,596447
57,12.4557,2331758,598285,1778,596507
57,12.911,2326087,598285,1783,596502
57,12.5537,2368643,598285,1806,596479
57,12.3189,2325435,598285,1780,596505
57,12.3186,2324168,598285,1781,596504
57,12.3107,2322428,598285,1781,596504
58,12.3086,2321693,598315,1746,596569
58,12.4393,2334068,598315,1746,596569
58,12.4062,2341156,598315,1752,596563
58,12.353,2329697,598315,1866,596449
58,12.3982,2338834,598315,1748,596567
58,12.7851,2386702,598315,1772,596543
58,12.343,2328455,598315,1867,596448
58,12.3031,2321805,598315,1747,596568
58,12.3517,2330129,598315,1867,596448
58,13.3127,2325806,598315,1751,596564
59,12.3115,2324272,598345,1718,596627
59,12.3995,2327574,598345,1815,596530
59,12.3421,2328980,598345,1837,596508
59,12.3125,2322795,598345,1722,596623
59,12.3395,2327353,598345,1842,596503
59,12.4031,2339892,598345,1725,596620
59,13.6893,2333027,598345,1839,596506
59,12.3423,2328882,598345,1838,596507
59,12.3093,2322716,598345,1724,596621
59,12.4027,2339505,598345,1723,596622
60,12.3945,2338269,598373,1693,596680
60,12.3309,2326414,598373,1806,596567
60,12.2999,2320658,598373,1694,596679
60,12.2999,2320117,598373,1694,596679
60,12.3833,2335628,598373,1690,596683
60,12.3852,2336653,598373,1694,596679
60,12.9755,2329311,598373,1800,596573
60,13.7546,2320648,598373,1693,596680
60,12.7674,2393305,598373,1816,596557
60,12.3798,2335164,598373,1692,596681
61,12.3224,2324213,598400,1779,596621
61,12.3879,2336768,598400,1670,596730
61,12.5395,2355826,598400,1773,596627
61,12.3837,2335828,598400,1678,596722
61,14.686,2376408,598400,1731,596669
61,15.9718,2321883,598400,1668,596732
61,12.3021,2320507,598400,1660,596740
61,15.1696,2588666,598400,1687,596713
61,13.5814,2322618,598400,1682,596718
61,12.3167,2323415,598400,1775,596625
62,12.283,2317243,598427,1637,596790
62,12.2924,2318932,598427,1639,596788
62,12.3663,2332569,598427,1640,596787
62,12.2759,2316654,598427,1636,596791
62,12.4188,2332636,598427,1654,596773
62,12.2504,2310712,598427,1641,596786
62,12.2829,2317025,598427,1638,596789
62,12.3755,2334299,598427,1643,596784
62,12.2822,2316857,598427,1636,596791
62,12.3075,2322222,598427,1749,596678
63,12.2854,2317409,598452,1609,596843
63,12.3435,2318362,598452,1615,596837
63,13.4976,2319288,598452,1618,596834
63,12.3713,2333618,598452,1609,596843
63,18.8483,2324345,598452,1723,596729
63,12.3632,2332038,598452,1616,596836
63,17.3143,2349939,598452,1726,596726
63,16.5614,2324857,598452,1733,596719
63,12.3165,2323184,598452,1730,596722
63,12.3166,2323272,598452,1726,596726
64,12.2769,2316156,598477,1586,596891
64,12.2805,2316489,598477,1593,596884
64,12.2744,2315352,598477,1586,596891
64,12.3076,2321471,598477,1705,596772
64,12.3073,2321405,598477,1702,596775
64,17.4859,3285844,598477,1614,596863
64,12.5501,2368286,598477,1610,596867
64,12.3085,2321779,598477,1703,596774
64,12.4192,2328046,598477,1702,596775
64,12.2743,2315418,598477,1588,596889
65,12.4164,2342298,598501,1625,596876
65,12.3665,2332676,598501,1567,596934
65,13.6532,2576675,598501,1603,596898
65,12.3563,2330858,598501,1566,596935
65,12.3744,2323171,598501,1564,596937
65,27.119,3060025,598501,1587,596914
65,12.2722,2315050,598501,1565,596936
65,12.363,2332046,598501,1563,596938
65,12.826,2420633,598501,1647,596854
65,12.2739,2315653,598501,1556,596945
66,12.2995,2321088,598524,1658,596866
66,12.3597,2331332,598524,1544,596980
66,12.286,2317637,598524,1653,596871
66,12.2959,2319359,598524,1652,596872
66,12.2534,2311225,598524,1536,596988
66,18.2329,3404614,598524,1563,596961
66,12.3039,2320872,598524,1660,596864
66,12.2557,2311613,598524,1543,596981
66,12.2698,2314329,598524,1541,596983
66,12.2516,2310974,598524,1542,596982
67,12.3935,2326548,598547,1549,596998
67,12.2642,2313555,598547,1517,597030
67,12.2559,2311647,598547,1513,597034
67,12.295,2319087,598547,1633,596914
67,12.2951,2318836,598547,1633,596914
67,16.1346,3061682,598547,1524,597023
67,12.3825,2320864,598547,1516,597031
67,12.399,2324119,598547,1520,597027
67,12.2951,2318904,598547,1634,596913
67,12.385,2323154,598547,1632,596915
68,12.2886,2317899,598569,1614,596955
68,14.1344,2314571,598569,1494,597075
68,12.4598,2350673,598569,1517,597052
68,22.7522,3479544,598569,1523,597046
68,12.2943,2319440,598569,1611,596958
68,12.2602,2313182,598569,1495,597074
68,12.2691,2314567,598569,1497,597072
68,12.2645,2313640,598569,1497,597072
68,20.2961,2515266,598569,1612,596957
68,12.344,2329311,598569,1494,597075
69,12.2828,2317771,598590,1590,597000
69,12.2573,2313020,598590,1479,597111
69,12.2853,2317223,598590,1590,597000
69,12.2545,2311217,598590,1475,597115
69,12.3385,2327263,598590,1477,597113
69,12.2503,2310848,598590,1477,597113
69,12.2532,2311416,598590,1476,597114
69,12.2482,2311017,598590,1473,597117
69,12.3391,2327422,598590,1474,597116
69,12.3401,2328110,598590,1476,597114
70,12.3513,2329650,598611,1455,597156
70,12.388,2323331,598611,1569,597042
70,12.3443,2328599,598611,1454,597157
70,13.8659,2643149,598611,1506,597105
70,12.7079,2398634,598611,1462,597149
70,14.0167,2344739,598611,1457,597154
70,13.3235,2311313,598611,1458,597153
70,12.2776,2316737,598611,1575,597036
70,12.2735,2315357,598611,1576,597035
70,12.2816,2316956,598611,1571,597040
71,12.3308,2325879,598631,1441,597190
71,12.3286,2325446,598631,1437,597194
71,12.3116,2324544,598631,1486,597145
71,12.4806,2324935,598631,1517,597114
71,12.2534,2311424,598631,1435,597196
71,12.3419,2328065,598631,1432,597199
71,12.8025,2312810,598631,1436,597195
71,12.277,2315523,598631,1549,597082
71,19.205,2312285,598631,1437,597194
71,12.334,2326678,598631,1437,597194
72,12.7736,2315622,598651,1527,597124
72,12.3245,2326247,598651,1415,597236
72,12.3238,2325630,598651,1415,597236
72,12.2426,2309348,598651,1413,597238
72,16.6166,3135834,598651,1423,597228
72,12.3245,2324564,598651,1415,597236
72,12.276,2315662,598651,1534,597117
72,12.237,2307985,598651,1415,597236
72,12.3692,2319813,598651,1413,597238
72,12.3228,2326192,598651,1413,597238
73,12.5314,2365523,598670,1506,597164
73,12.2358,2309593,598670,1396,597274
73,12.3286,2325521,598670,1392,597278
73,12.2226,2305571,598670,1394,597276
73,12.2654,2313691,598670,1512,597158
73,12.3472,2315200,598670,1506,597164
73,12.565,2373230,598670,1489,597181
73,12.3256,2324880,598670,1399,597271
73,12.378,2315676,598670,1436,597234
73,12.4872,2357264,598670,1509,597161
74,12.2615,2312694,598688,1494,597194
74,12.9024,2422630,598688,1485,597203
74,12.2335,2307483,598688,1373,597315
74,12.3194,2323629,598688,1375,597313
74,12.3584,2317502,598688,1382,597306
74,12.2625,2314391,598688,1494,597194
74,17.894,3382918,598688,1395,597293
74,12.3231,2327098,598688,1372,597316
74,19.6968,3692682,598688,1402,597286
74,12.4777,2354999,598688,1470,597218
75,12.2644,2313852,598706,1477,597229
75,12.2594,2313138,598706,1475,597231
75,12.5048,2341134,598706,1369,597337
75,12.2348,2309485,598706,1359,597347
75,12.2588,2312174,598706,1470,597236
75,12.3981,2324657,598706,1357,597349
75,18.6746,3529148,598706,1381,597325
75,19.7221,3581239,598706,1360,597346
75,12.3193,2324438,598706,1358,597348
75,12.2332,2307943,598706,1360,597346
76,12.25,2310543,598724,1453,597271
76,12.5103,2342435,598724,1453,597271
76,12.679,2392478,598724,1342,597382
76,12.2189,2304935,598724,1339,597385
76,12.2184,2304658,598724,1338,597386
76,12.2502,2310380,598724,1455,597269
76,12.2222,2306522,598724,1341,597383
76,12.2249,2306450,598724,1342,597382
76,12.2265,2306073,598724,1339,597385
76,12.307,2322431,598724,1336,597388
77,12.6894,2394446,598741,1331,597410
77,12.2216,2305993,598741,1325,597416
77,12.2567,2311923,598741,1438,597303
77,12.3704,2312836,598741,1323,597418
77,12.2443,2309416,598741,1433,597308
77,12.224,2305826,598741,1323,597418
77,12.2564,2311751,598741,1438,597303
77,12.2554,2311592,598741,1436,597305
77,12.2201,2305106,598741,1320,597421
77,12.308,2308331,598741,1326,597415
78,12.2045,2301966,598757,1307,597450
78,12.2469,2310371,598757,1425,597332
78,12.4791,2355401,598757,1311,597446
78,12.2155,2304244,598757,1307,597450
78,17.4606,3299628,598757,1317,597440
78,12.5452,2366573,598757,1310,597447
78,12.2441,2309411,598757,1424,597333
78,12.2432,2309245,598757,1425,597332
78,12.1773,2298131,598757,1310,597447
78,12.2117,2303319,598757,1308,597449
79,13.3217,2515040,598774,1387,597387
79,12.2484,2311066,598774,1408,597366
79,12.2162,2303991,598774,1291,597483
79,12.247,2310379,598774,1404,597370
79,12.3495,2313695,598774,1297,597477
79,12.2164,2304403,598774,1295,597479
79,12.2158,2306390,598774,1287,597487
79,18.5297,3141765,598774,1314,597460
79,15.3461,2875096,598774,1306,597468
79,12.2182,2304558,598774,1294,597480
80,12.2103,2303091,598790,1276,597514
80,12.241,2310216,598790,1394,597396
80,12.2095,2302741,598790,1275,597515
80,12.9775,2432463,598790,1277,597513
80,12.2943,2319049,598790,1276,597514
80,12.2095,2302764,598790,1276,597514
80,12.2112,2303661,598790,1274,597516
80,12.2256,2308354,598790,1273,597517
80,12.211,2303133,598790,1278,597512
80,12.2949,2309296,598790,1388,597402
81,12.1991,2300920,598805,1259,597546
81,12.2027,2301765,598805,1262,597543
81,12.2073,2302682,598805,1255,597550
81,12.2393,2308662,598805,1377,597428
81,12.1987,2302253,598805,1259,597546
81,12.3414,2312872,598805,1370,597435
81,12.2063,2302605,598805,1261,597544
81,12.2857,2317457,598805,1257,597548
81,12.2933,2308874,598805,1374,597431
81,12.2318,2306975,598805,1372,597433
82,12.2979,2319533,598820,1248,597572
82,12.2016,2302966,598820,1245,597575
82,12.2979,2319673,598820,1245,597575
82,14.1753,2659807,598820,1328,597492
82,12.1987,2301995,598820,1245,597575
82,12.2043,2302256,598820,1244,597576
82,12.3101,2308253,598820,1247,597573
82,12.1982,2300877,598820,1241,597579
82,12.1989,2301235,598820,1240,597580
82,12.2633,2302140,598820,1240,597580
83,15.1446,2881453,598835,1259,597576
83,12.2015,2301724,598835,1230,597605
83,12.2298,2307225,598835,1347,597488
83,12.2034,2301731,598835,1231,597604
83,12.2296,2306682,598835,1346,597489
83,12.3063,2310225,598835,1326,597509
83,12.1985,2301093,598835,1228,597607
83,12.204,2302099,598835,1232,597603
83,12.2469,2301771,598835,1232,597603
83,12.2011,2301424,598835,1228,597607
84,12.2316,2306857,598849,1332,597517
84,12.2312,2307025,598849,1331,597518
84,12.2822,2316706,598849,1218,597631
84,12.3408,2314406,598849,1251,597598
84,12.281,2316237,598849,1212,597637
84,12.2033,2302013,598849,1216,597633
84,12.2018,2301521,598849,1219,597630
84,12.2008,2301305,598849,1216,597633
84,16.1633,2303041,598849,1215,597634
84,12.4917,2356561,598849,1326,597523
85,16.2334,3097641,598863,1204,597659
85,16.6554,2303128,598863,1202,597661
85,12.1952,2301804,598863,1202,597661
85,12.1924,2299812,598863,1207,597656
85,12.2257,2306010,598863,1317,597546
85,12.1919,2299869,598863,1202,597661
85,12.2255,2305820,598863,1317,597546
85,12.2241,2306974,598863,1324,597539
85,12.1936,2300087,598863,1199,597664
85,12.1924,2299735,598863,1201,597662
86,12.3313,2311028,598877,1305,597572
86,12.1823,2298292,598877,1182,597695
86,12.1907,2299393,598877,1189,597688
86,12.2195,2304767,598877,1302,597575
86,12.1891,2299357,598877,1188,597689
86,12.19,2299290,598877,1188,597689
86,12.1937,2300249,598877,1188,597689
86,12.2161,2304213,598877,1299,597578
86,13.1372,2478447,598877,1296,597581
86,18.651,2342522,598877,1307,597570
87,12.2232,2306239,598890,1292,597598
87,12.2662,2313547,598890,1172,597718
87,12.2775,2315741,598890,1177,597713
87,12.1928,2300010,598890,1175,597715
87,12.2774,2315607,598890,1175,597715
87,12.1907,2300302,598890,1175,597715
87,12.2155,2304396,598890,1286,597604
87,12.2694,2314528,598890,1174,597716
87,12.2695,2314160,598890,1174,597716
87,12.2894,2306091,598890,1285,597605
88,12.2171,2304309,598903,1276,597627
88,12.1887,2299553,598903,1162,597741
88,12.2701,2314224,598903,1159,597744
88,12.1856,2298456,598903,1161,597742
88,12.2197,2304768,598903,1279,597624
88,12.1973,2300695,598903,1166,597737
88,12.2838,2317185,598903,1163,597740
88,12.1968,2301045,598903,1163,597740
88,12.1906,2299199,598903,1161,597742
88,12.8764,2429707,598903,1277,597626
89,12.1788,2297503,598916,1148,597768
89,12.1865,2298689,598916,1152,597764
89,12.2179,2304510,598916,1263,597653
89,12.211,2303120,598916,1264,597652
89,12.2708,2314597,598916,1146,597770
89,12.3358,2327179,598916,1166,597750
89,12.1855,2298758,598916,1148,597768
89,24.6441,2366958,598916,1153,597763
89,12.2156,2304290,598916,1262,597654
89,12.2166,2304409,598916,1267,597649
90,12.1829,2297978,598928,1136,597792
90,12.2654,2313487,598928,1132,597796
90,12.2115,2303277,598928,1254,597674
90,12.276,2304028,598928,1250,597678
90,12.1884,2298940,598928,1134,597794
90,12.1806,2297720,598928,1139,597789
90,12.2132,2304456,598928,1254,597674
90,12.2165,2304407,598928,1250,597678
90,12.362,2319547,598928,1140,597788
90,12.1858,2298328,598928,1136,597792
91,12.1835,2297819,598941,1120,597821
91,13.6413,2302031,598941,1123,597818
91,12.1779,2296819,598941,1125,597816
91,12.1806,2297490,598941,1119,597822
91,12.2667,2303644,598941,1234,597707
91,12.2628,2313043,598941,1127,597814
91,12.1839,2298431,598941,1131,597810
91,12.1815,2298677,598941,1120,597821
91,12.1847,2298398,598941,1126,597815
91,12.1805,2297644,598941,1122,597819
92,12.261,2312876,598953,1111,597842
92,12.1705,2295474,598953,1111,597842
92,12.2051,2302287,598953,1228,597725
92,12.2044,2301962,598953,1223,597730
92,13.3046,2303882,598953,1222,597731
92,12.2077,2302781,598953,1230,597723
92,12.1464,2291770,598953,1108,597845
92,12.2046,2302123,598953,1227,597726
92,12.364,2318619,598953,1116,597837
92,12.1733,2296191,598953,1110,597843
93,12.2572,2312640,598964,1103,597861
93,12.1729,2295950,598964,1102,597862
93,12.2049,2302542,598964,1215,597749
93,12.1738,2296464,598964,1099,597865
93,12.1726,2296007,598964,1104,597860
93,12.2069,2302594,598964,1211,597753
93,12.264,2313248,598964,1104,597860
93,12.2057,2302164,598964,1214,597750
93,12.2012,2302659,598964,1211,597753
93,12.2034,2301836,598964,1216,597748
94,12.2876,2306129,598976,1167,597809
94,12.1634,2294405,598976,1087,597889
94,13.0649,2297095,598976,1087,597889
94,15.1015,2765827,598976,1089,597887
94,12.862,2429671,598976,1094,597882
94,12.1976,2300627,598976,1204,597772
94,12.284,2300867,598976,1092,597884
94,12.2526,2311118,598976,1088,597888
94,12.169,2295777,598976,1088,597888
94,12.2495,2298858,598976,1089,597887
95,12.1707,2295528,598987,1076,597911
95,12.6448,2386102,598987,1087,597900
95,12.1698,2295735,598987,1080,597907
95,12.1995,2301167,598987,1190,597797
95,19.9979,2313567,598987,1077,597910
95,12.2012,2301552,598987,1192,597795
95,12.1694,2295276,598987,1077,597910
95,12.4503,2349740,598987,1085,597902
95,12.253,2311215,598987,1080,597907
95,12.2007,2301282,598987,1188,597799
96,12.16,2293868,598998,1069,597929
96,12.2508,2310693,598998,1067,597931
96,12.1749,2296592,598998,1068,597930
96,13.6671,2567488,598998,1140,597858
96,12.1738,2296183,598998,1065,597933
96,12.1738,2296360,598998,1061,597937
96,12.171,2295579,598998,1063,597935
96,12.831,2420988,598998,1086,597912
96,12.1747,2296383,598998,1065,597933
96,12.1683,2295310,598998,1069,597929
97,12.1558,2292883,599009,1055,597954
97,12.2128,2293925,599009,1058,597951
97,12.4721,2353188,599009,1165,597844
97,15.1852,2876378,599009,1103,597906
97,12.4116,2341421,599009,1060,597949
97,12.1656,2294620,599009,1058,597951
97,12.2558,2311698,599009,1058,597951
97,17.5729,2294597,599009,1060,597949
97,12.2484,2310517,599009,1055,597954
97,12.1611,2293970,599009,1055,597954
98,13.0416,2480591,599019,1057,597962
98,12.7169,2386756,599019,1053,597966
98,12.16,2293573,599019,1043,597976
98,12.2451,2309512,599019,1047,597972
98,12.1302,2288684,599019,1048,597971
98,12.1954,2300758,599019,1162,597857
98,12.1916,2299782,599019,1158,597861
98,18.6981,2294112,599019,1047,597972
98,12.2506,2310709,599019,1043,597976
98,12.1608,2293704,599019,1043,597976
99,12.2709,2309061,599029,1153,597876
99,12.1625,2294094,599029,1033,597996
99,12.2241,2294466,599029,1037,597992
99,12.2443,2309455,599029,1037,597992
99,12.1337,2289446,599029,1037,597992
99,12.3116,2307894,599029,1148,597881
99,12.2886,2309505,599029,1037,597992
99,12.7156,2300453,599029,1147,597882
99,12.1593,2293998,599029,1037,597992
99,12.1628,2294043,599029,1032,597997
100,19.4032,3663787,599040,1038,598002
100,12.2442,2309614,599040,1025,598015
100,12.186,2298520,599040,1139,597901
100,12.1694,2295683,599040,1024,598016
100,12.245,2309822,599040,1023,598017
100,12.2444,2309855,599040,1024,598016
100,12.2316,2309283,599040,1133,597907
100,14.3561,2431176,599040,1144,597896
100,12.1564,2294378,599040,1020,598020
100,17.0826,2310329,599040,1028,598012
