3,11.8999,2171417,966706,28,966678
3,11.7976,2161494,966706,32,966674
3,13.1368,2387422,966706,27,966679
3,11.8271,2167652,966706,35,966671
3,12.6171,2296804,966706,31,966675
3,11.4495,2159584,966706,26,966680
3,11.5002,2171069,966706,27,966679
3,13.0133,2382606,966706,33,966673
3,13.013,2382745,966706,29,966677
3,11.7975,2160230,966706,34,966672
4,12.0373,2204218,975040,38,975002
4,12.0326,2202941,975040,35,975005
4,11.9649,2190895,975040,37,975003
4,12.0334,2202926,975040,39,975001
4,13.3897,2440662,975040,36,975004
4,13.2522,2427569,975040,36,975004
4,13.3287,2440026,975040,28,975012
4,11.9641,2190497,975040,35,975005
4,13.5776,2486510,975040,41,974999
4,12.5854,2293876,975040,36,975004
5,12.6258,2364377,980040,35,980005
5,13.0017,2452087,980040,28,980012
5,12.1037,2283178,980040,37,980003
5,12.8961,2420970,980040,34,980006
5,12.4571,2335733,980040,32,980008
5,12.8885,2430777,980040,40,980000
5,11.6792,2203211,980040,38,980002
5,13.002,2452354,980040,30,980010
5,11.6776,2202739,980040,28,980012
5,11.678,2202585,980040,30,980010
6,11.8107,2228570,983373,34,983339
6,13.1199,2474416,983373,33,983340
6,11.8108,2228063,983373,36,983337
6,11.6784,2203041,983373,34,983339
6,11.6802,2203128,983373,34,983339
6,11.6782,2202702,983373,37,983336
6,11.6784,2203110,983373,33,983340
6,11.8116,2227820,983373,33,983340
6,13.1204,2475985,983373,30,983343
6,11.8112,2228103,983373,33,983340
7,11.6793,2203320,985754,34,985720
7,14.0934,2363976,985754,41,985713
7,13.7042,2587908,985754,741,985013
7,11.8316,2232000,985754,40,985714
7,11.6786,2203534,985754,34,985720
7,13.4881,2267883,985754,38,985716
7,11.6788,2202712,985754,35,985719
7,13.166,2483437,985754,38,985716
7,12.0081,2253000,985754,38,985716
7,13.3855,2525224,985754,271,985483
8,11.6779,2202782,987540,33,987507
8,18.794,3579898,987540,477,987063
8,11.9117,2246664,987540,37,987503
8,11.9121,2247067,987540,41,987499
8,11.679,2203088,987540,29,987511
8,13.1472,2479875,987540,36,987504
8,12.0768,2278002,987540,35,987505
8,20.8466,3938130,987540,296,987244
8,15.896,2994463,987540,169,987371
8,20.8443,3940395,987540,209,987331
9,12.6055,2276152,988928,41,988887
9,11.6808,2205239,988928,43,988885
9,11.9143,2248329,988928,31,988897
9,17.0212,2451487,988928,36,988892
9,11.6791,2203126,988928,37,988891
9,11.6798,2202871,988928,34,988894
9,13.2645,2502080,988928,33,988895
9,12.436,2330161,988928,44,988884
9,11.9139,2248272,988928,33,988895
9,11.9141,2247177,988928,33,988895
10,11.6784,2203367,990040,37,990003
10,11.6783,2202615,990040,31,990009
10,14.2771,2547360,990040,311,989729
10,11.9694,2259529,990040,30,990010
10,11.9715,2258331,990040,40,990000
10,11.6809,2205310,990040,31,990009
10,11.6783,2202950,990040,29,990011
10,13.0569,2463582,990040,56,989984
10,11.97,2258987,990040,36,990004
10,11.97,2258826,990040,33,990007
11,13.5708,2463560,990949,32,990917
11,11.6776,2202658,990949,30,990919
11,11.9678,2257196,990949,33,990916
11,11.678,2202991,990949,30,990919
11,11.9696,2257729,990949,31,990918
11,11.9673,2257197,990949,29,990920
11,11.9674,2257314,990949,30,990919
11,13.7531,2612717,990949,49,990900
11,11.9688,2257746,990949,40,990909
11,12.9309,2425790,990949,29,990920
12,11.6781,2202845,991706,33,991673
12,11.6773,2202675,991706,27,991679
12,12.0092,2265742,991706,29,991677
12,11.6784,2202810,991706,30,991676
12,11.6805,2203213,991706,35,991671
12,12.0103,2266216,991706,37,991669
12,13.2964,2507751,991706,27,991679
12,12.0102,2265564,991706,34,991672
12,11.6788,2202946,991706,32,991674
12,13.2867,2490162,991706,42,991664
13,13.7388,2591188,992347,7732,984615
13,14.7549,2782902,992347,7791,984556
13,15.3846,2884355,992347,7766,984581
13,15.4313,2910560,992347,7741,984606
13,14.1504,2668705,992347,7740,984607
13,14.1537,2669319,992347,7739,984608
13,15.8755,2994431,992347,7846,984501
13,17.3501,3272915,992347,8554,983793
13,13.7322,2589853,992347,7743,984604
13,17.2613,3240537,992347,8301,984046
14,13.5985,2565819,992897,7175,985722
14,15.3816,2900844,992897,7174,985723
14,15.7963,2723908,992897,7173,985724
14,14.8742,2805429,992897,7171,985726
14,14.1072,2662345,992897,7175,985722
14,15.3582,2898548,992897,7194,985703
14,14.677,2761816,992897,7174,985723
14,15.4492,2899343,992897,7199,985698
14,15.3264,2892300,992897,7174,985723
14,14.0043,2644136,992897,7177,985720
15,15.3774,2902026,993373,6703,986670
15,13.8925,2620453,993373,6695,986678
15,14.0643,2637766,993373,6702,986671
15,13.8932,2621003,993373,6698,986675
15,14.0527,2650264,993373,6703,986670
15,15.4938,2923323,993373,6735,986638
15,15.1203,2838518,993373,6698,986675
15,13.9287,2633520,993373,6699,986674
15,15.8589,2717985,993373,6703,986670
15,15.2158,2872194,993373,6696,986677
16,14.2521,2688087,993790,6275,987515
16,14.2792,2680478,993790,6291,987499
16,13.3379,2515546,993790,6279,987511
16,13.7772,2598477,993790,6281,987509
16,17.6271,3277784,993790,6288,987502
16,15.5565,2815578,993790,6288,987502
16,13.3383,2516349,993790,6280,987510
16,13.7985,2602179,993790,6278,987512
16,13.8907,2608394,993790,6282,987508
16,13.3387,2515802,993790,6284,987506
17,14.8573,2802021,994157,5912,988245
17,13.9662,2619314,994157,5913,988244
17,13.6715,2578946,994157,5910,988247
17,14.9286,2789457,994157,5912,988245
17,20.3768,3884011,994157,5924,988233
17,13.9629,2634908,994157,5915,988242
17,15.5032,2821194,994157,5918,988239
17,14.2946,2593803,994157,5922,988235
17,13.6741,2579606,994157,5919,988238
17,13.6788,2579897,994157,5916,988241
18,13.6034,2565913,994484,5589,988895
18,13.1551,2481461,994484,5585,988899
18,13.6119,2568165,994484,5586,988898
18,13.6972,2573455,994484,5587,988897
18,13.5901,2563269,994484,5585,988899
18,21.6797,4051357,994484,5603,988881
18,20.1938,3763224,994484,4829,989655
18,14.2625,2653677,994484,5591,988893
18,16.7568,3072277,994484,5605,988879
18,14.0037,2564505,994484,5587,988897
19,17.1662,3052088,994776,5308,989468
19,15.2712,2604800,994776,5302,989474
19,21.3697,3560790,994776,5309,989467
19,17.454,2808613,994776,5302,989474
19,16.8052,2705446,994776,5301,989475
19,19.9438,3190419,994776,5300,989476
19,15.8553,2551402,994776,5295,989481
19,15.8827,2556251,994776,5291,989485
19,30.1333,3890722,994776,5320,989456
19,16.9947,2734625,994776,5293,989483
20,22.1354,3314129,995040,5065,989975
20,15.2455,2537640,995040,5030,990010
20,14.7527,2454950,995040,5028,990012
20,16.0879,2769816,995040,5036,990004
20,14.2815,2457058,995040,5033,990007
20,16.2543,2795102,995040,5031,990009
20,16.3069,2803745,995040,5028,990012
20,14.7651,2539069,995040,5031,990009
20,16.2718,2797886,995040,5028,990012
20,14.315,2541011,995040,5036,990004
21,14.2184,2523818,995278,4794,990484
21,13.3506,2444099,995278,4797,990481
21,13.7872,2524656,995278,4794,990484
21,14.6759,2651664,995278,4799,990479
21,14.4017,2638903,995278,4814,990464
21,13.5137,2538120,995278,4800,990478
21,20.0927,3755028,995278,4806,990472
21,14.7371,2779148,995278,4791,990487
21,12.9545,2443425,995278,4795,990483
21,13.4471,2525517,995278,4797,990481
22,13.3599,2519684,995494,4572,990922
22,12.8912,2431372,995494,4584,990910
22,13.6861,2570330,995494,4577,990917
22,13.3484,2517543,995494,4576,990918
22,14.3524,2706539,995494,4574,990920
22,12.8956,2432132,995494,4572,990922
22,14.8272,2796472,995494,4570,990924
22,14.4011,2715724,995494,4572,990922
22,14.6419,2762252,995494,4577,990917
22,12.8986,2433191,995494,4575,990919
23,14.5702,2747995,995692,4373,991319
23,13.3094,2510220,995692,4380,991312
23,14.3063,2698196,995692,4374,991318
23,13.7354,2578388,995692,4381,991311
23,14.6649,2765701,995692,4372,991320
23,17.609,2576853,995692,4380,991312
23,13.3086,2509979,995692,4380,991312
23,13.2878,2506256,995692,4379,991313
23,18.3092,2678861,995692,4387,991305
23,13.4158,2530552,995692,4378,991314
24,13.1104,2475945,995873,4196,991677
24,16.2251,3066126,995873,4202,991671
24,14.5012,2735190,995873,4195,991678
24,14.6069,2755436,995873,4206,991667
24,13.5038,2547095,995873,4195,991678
24,13.2584,2500704,995873,4199,991674
24,12.7966,2414460,995873,4195,991678
24,14.1703,2674739,995873,4202,991671
24,14.421,2720283,995873,4207,991666
24,13.941,2617975,995873,4199,991674
25,13.2201,2493193,996040,4028,992012
25,13.2055,2490638,996040,4032,992008
25,14.56,2661867,996040,4028,992012
25,18.1927,3305807,996040,3865,992175
25,13.2215,2495842,996040,4034,992006
25,13.1026,2472645,996040,4028,992012
25,13.2214,2494402,996040,4032,992008
25,13.3412,2516744,996040,4030,992010
25,13.2258,2495515,996040,4036,992004
25,14.4617,2728439,996040,4040,992000
26,12.703,2397242,996193,3874,992319
26,15.0777,2814849,996193,3886,992307
26,14.2459,2687773,996193,3882,992311
26,15.1417,2612018,996193,3884,992309
26,13.201,2490158,996193,3880,992313
26,14.5342,2741564,996193,3874,992319
26,12.7058,2396416,996193,3874,992319
26,14.5102,2736551,996193,3877,992316
26,14.4964,2733933,996193,3877,992316
26,13.19,2487851,996193,3874,992319
27,20.8239,3933636,996336,3758,992578
27,15.6077,2947801,996336,3775,992561
27,13.6372,2548171,996336,3735,992601
27,13.1495,2481048,996336,3736,992600
27,24.6314,4374995,996336,3757,992579
27,16.4857,2839133,996336,3773,992563
27,15.2084,2450434,996336,3740,992596
27,19.2981,2508524,996336,3737,992599
27,18.1938,2725489,996336,3731,992605
27,17.8678,2655370,996336,3734,992602
28,17.2687,2571035,996468,3605,992863
28,18.0793,2692985,996468,3597,992871
28,18.7554,2687147,996468,3603,992865
28,16.5135,2382042,996468,3603,992865
28,16.5225,2383295,996468,3607,992861
28,27.1421,3919651,996468,3631,992837
28,34.2001,4008739,996468,3639,992829
28,29.7593,3963624,996468,3605,992863
28,17.8288,2474107,996468,3596,992872
28,17.148,2473362,996468,3601,992867
29,18.9597,2734992,996591,3475,993116
29,16.4638,2465772,996591,3481,993110
29,16.1674,2491785,996591,3476,993115
29,18.1377,2674481,996591,3488,993103
29,16.8908,2718582,996591,3476,993115
29,15.5206,2499832,996591,3487,993104
29,21.8427,2821358,996591,3484,993107
29,14.2894,2378159,996591,3482,993109
29,14.8103,2465335,996591,3482,993109
29,15.789,2715507,996591,3483,993108
30,14.3156,2461730,996706,3363,993343
30,13.3612,2371855,996706,3361,993345
30,20.4093,2731834,996706,3374,993332
30,12.9531,2371175,996706,3370,993336
30,12.9487,2370911,996706,3369,993337
30,17.5604,3200201,996706,3371,993335
30,23.6688,4118454,996706,3360,993346
30,24.81,3833660,996706,3388,993318
30,26.2003,3893949,996706,3376,993330
30,16.4106,2458427,996706,3369,993337
31,17.8678,2559805,996814,3261,993553
31,27.223,3867918,996814,3275,993539
31,17.8742,2677165,996814,3251,993563
31,18.2243,2554326,996814,3266,993548
31,17.8674,2677616,996814,3254,993560
31,16.3751,2452967,996814,3251,993563
31,19.234,2883658,996814,3260,993554
31,16.371,2453676,996814,3258,993556
31,30.097,4492898,996814,3275,993539
31,15.8715,2379827,996814,3258,993556
32,18.0543,2704732,996915,3155,993760
32,18.0696,2707261,996915,3154,993761
32,15.7691,2363938,996915,3162,993753
32,16.3654,2452480,996915,3151,993764
32,15.7562,2360030,996915,3153,993762
32,15.2025,2362827,996915,3156,993759
32,19.0814,2613612,996915,3160,993755
32,16.2219,2588288,996915,3157,993758
32,15.2274,2449638,996915,3159,993756
32,18.6377,3102840,996915,3183,993732
33,15.5294,2671462,997009,3062,993947
33,14.2232,2446288,997009,3067,993942
33,14.3798,2552960,997009,3064,993945
33,14.3994,2563513,997009,3061,993948
33,13.2803,2358094,997009,3067,993942
33,15.1184,2684575,997009,3063,993946
33,13.2652,2355287,997009,3061,993948
33,12.8679,2356541,997009,3061,993948
33,14.9165,2709121,997009,3060,993949
33,12.8661,2355133,997009,3062,993947
34,13.3444,2443101,997098,2975,994123
34,14.39,2635008,997098,2974,994124
34,12.9509,2442803,997098,2967,994131
34,13.3174,2439171,997098,2968,994130
34,12.8449,2351945,997098,2969,994129
34,13.3485,2443819,997098,2976,994122
34,12.4682,2351692,997098,2972,994126
34,13.4194,2509489,997098,2968,994130
34,13.9634,2633449,997098,2975,994123
34,13.9643,2633956,997098,2970,994128
35,18.5386,2765696,997182,2890,994292
35,13.6891,2567050,997182,2897,994285
35,14.2532,2688137,997182,2886,994296
35,15.2755,2883900,997182,2896,994286
35,12.437,2346111,997182,2890,994292
35,12.9107,2435226,997182,2888,994294
35,14.366,2686134,997182,2888,994294
35,12.9091,2434873,997182,2891,994291
35,12.437,2346316,997182,2888,994294
35,12.9111,2435445,997182,2889,994293
36,17.0727,3182641,997262,2813,994449
36,12.4207,2342528,997262,2803,994459
36,12.4181,2342515,997262,2813,994449
36,12.9564,2443625,997262,2806,994456
36,12.9109,2435370,997262,2809,994453
36,14.5886,2738229,997262,2818,994444
36,15.4253,2680552,997262,2807,994455
36,12.9048,2433688,997262,2806,994456
36,14.0487,2638511,997262,2808,994454
36,17.1405,3233741,997262,2825,994437
37,16.6331,3151256,997337,2762,994575
37,14.6927,2666953,997337,2728,994609
37,14.1591,2671883,997337,2731,994606
37,12.8817,2430186,997337,2733,994604
37,14.1428,2667293,997337,2734,994603
37,14.1136,2662041,997337,2737,994600
37,12.4061,2339960,997337,2736,994601
37,14.1504,2669535,997337,2730,994607
37,12.8907,2431454,997337,2738,994599
37,12.9524,2443947,997337,2732,994605
38,18.788,2663613,997408,2667,994741
38,14.1268,2665395,997408,2660,994748
38,12.383,2335707,997408,2662,994746
38,12.889,2430999,997408,2665,994743
38,12.8652,2426485,997408,2663,994745
38,13.0867,2468944,997408,2684,994724
38,19.6349,2609991,997408,2666,994742
38,12.8653,2426724,997408,2666,994742
38,12.885,2430837,997408,2662,994746
38,17.1682,3243480,997408,2685,994723
39,14.8322,2798052,997475,2608,994867
39,12.367,2332406,997475,2599,994876
39,12.7756,2394338,997475,2598,994877
39,12.3672,2332619,997475,2595,994880
39,12.8552,2424910,997475,2600,994875
39,12.3629,2333812,997475,2595,994880
39,12.8449,2422665,997475,2596,994879
39,12.8441,2422649,997475,2593,994882
39,17.8456,2659490,997475,2597,994878
39,13.087,2469460,997475,2602,994873
40,12.3438,2328285,997540,2532,995008
40,13.8479,2598745,997540,2539,995001
40,12.8349,2420971,997540,2528,995012
40,12.3441,2328308,997540,2533,995007
40,20.3389,2625839,997540,2530,995010
40,12.8404,2422073,997540,2530,995010
40,12.3484,2329155,997540,2533,995007
40,14.3678,2710460,997540,2551,994989
40,14.0001,2640522,997540,2529,995011
40,14.5253,2742095,997540,2534,995006
41,12.3326,2325984,997600,2467,995133
41,13.4236,2532736,997600,2477,995123
41,13.7301,2572376,997600,2467,995133
41,12.827,2420190,997600,2470,995130
41,14.3451,2710156,997600,2484,995116
41,12.3459,2330273,997600,2479,995121
41,13.8994,2585201,997600,2478,995122
41,12.8214,2420980,997600,2472,995128
41,14.1919,2677258,997600,2471,995129
41,14.1904,2676447,997600,2466,995134
42,13.3387,2516068,997659,2417,995242
42,14.8466,2751846,997659,2426,995233
42,12.3162,2323329,997659,2411,995248
42,12.3172,2323720,997659,2405,995254
42,12.3182,2323389,997659,2412,995247
42,13.0637,2465997,997659,2411,995248
42,14.2791,2669161,997659,2409,995250
42,12.3129,2322320,997659,2410,995249
42,12.8053,2415948,997659,2415,995244
42,12.8144,2417183,997659,2419,995240
43,20.9733,2538046,997714,2361,995353
43,12.7946,2415359,997714,2353,995361
43,12.3,2319887,997714,2356,995358
43,12.7936,2414003,997714,2356,995358
43,14.2499,2665149,997714,2355,995359
43,12.3017,2320144,997714,2355,995359
43,12.7928,2412902,997714,2353,995361
43,13.4163,2429423,997714,2361,995353
43,12.8464,2423197,997714,2352,995362
43,13.2244,2497074,997714,2361,995353
44,12.7876,2411773,997767,2303,995464
44,20.9828,2656319,997767,2308,995459
44,12.9212,2428964,997767,2308,995459
44,18.507,3506646,997767,2309,995458
44,12.2863,2317916,997767,2301,995466
44,12.7911,2414754,997767,2302,995465
44,12.782,2411696,997767,2306,995461
44,12.7789,2410526,997767,2308,995459
44,14.0457,2649148,997767,2313,995454
44,13.9505,2631495,997767,2301,995466
45,12.7716,2409321,997817,2253,995564
45,13.9399,2617302,997817,2249,995568
45,12.7715,2408996,997817,2253,995564
45,13.196,2472300,997817,2259,995558
45,17.9868,2745369,997817,2280,995537
45,12.3096,2315121,997817,2258,995559
45,18.9016,2637737,997817,2277,995540
45,12.7658,2408538,997817,2254,995563
45,14.0888,2657032,997817,2250,995567
45,12.7662,2408089,997817,2250,995567
46,12.2599,2312563,997866,2205,995661
46,18.8423,3590905,997866,2216,995650
46,13.708,2572985,997866,2208,995658
46,12.7738,2410149,997866,2205,995661
46,13.1553,2463223,997866,2209,995657
46,13.5127,2549348,997866,2206,995660
46,12.7626,2407483,997866,2208,995658
46,14.1829,2660836,997866,2208,995658
46,12.7591,2407060,997866,2206,995660
46,13.8295,2609050,997866,2202,995664
47,14.0195,2644138,997912,2160,995752
47,12.252,2311005,997912,2158,995754
47,13.7338,2590808,997912,2160,995752
47,12.2474,2310972,997912,2163,995749
47,12.741,2403174,997912,2164,995748
47,12.7388,2402887,997912,2161,995751
47,14.095,2659547,997912,2166,995746
47,21.337,4028724,997912,2167,995745
47,15.7194,2948133,997912,2160,995752
47,12.7389,2402537,997912,2159,995753
48,12.7289,2401320,997956,2114,995842
48,12.2363,2310521,997956,2119,995837
48,12.7238,2401457,997956,2116,995840
48,12.7179,2398963,997956,2115,995841
48,13.8386,2609897,997956,2111,995845
48,13.8625,2614236,997956,2116,995840
48,12.2374,2308066,997956,2113,995843
48,13.8383,2595938,997956,2119,995837
48,14.637,2761077,997956,2113,995843
48,12.2367,2308165,997956,2117,995839
49,12.2265,2306305,997999,2070,995929
49,13.8801,2617598,997999,2067,995932
49,12.2232,2305586,997999,2072,995927
49,12.7228,2399843,997999,2073,995926
49,12.7232,2399964,997999,2073,995926
49,13.5357,2538586,997999,2069,995930
49,12.7236,2400052,997999,2074,995925
49,12.722,2399604,997999,2071,995928
49,12.3029,2309422,997999,2075,995924
49,21.5569,4068935,997999,2089,995910
50,12.2129,2303462,998040,2034,996006
50,12.7126,2397858,998040,2029,996011
50,14.3278,2692139,998040,2028,996012
50,12.2108,2303489,998040,2030,996010
50,14.359,2708712,998040,2043,995997
50,13.881,2605530,998040,2032,996008
50,12.7101,2397071,998040,2031,996009
50,12.2151,2303860,998040,2028,996012
50,13.6214,2557693,998040,2032,996008
50,12.7178,2399266,998040,2032,996008
51,14.2364,2670168,998079,1989,996090
51,12.6982,2395047,998079,2001,996078
51,14.1631,2671598,998079,1995,996084
51,13.1044,2456947,998079,1993,996086
51,12.6952,2395868,998079,1995,996084
51,14.2727,2692126,998079,1992,996087
51,19.7653,2666816,998079,1991,996088
51,12.2053,2302468,998079,1991,996088
51,15.0557,2629287,998079,1988,996091
51,12.2259,2309532,998079,1992,996087
52,12.1943,2300053,998116,1956,996160
52,12.1935,2300997,998116,1956,996160
52,14.2662,2692152,998116,1988,996128
52,12.1899,2299331,998116,1953,996163
52,12.1945,2299978,998116,1955,996161
52,17.9368,2683898,998116,1960,996156
52,12.6976,2395909,998116,1957,996159
52,14.8755,2791075,998116,1963,996153
52,14.2532,2688593,998116,1956,996160
52,12.6961,2395299,998116,1957,996159
53,14.001,2640674,998153,1922,996231
53,12.7283,2400999,998153,1917,996236
53,12.952,2443923,998153,1930,996223
53,13.189,2473917,998153,1918,996235
53,12.6951,2394547,998153,1924,996229
53,12.1843,2299380,998153,1916,996237
53,14.2049,2680418,998153,1923,996230
53,17.1262,3254871,998153,1920,996233
53,14.0781,2655879,998153,1914,996239
53,17.8733,2497271,998153,1917,996236
54,13.0211,2439733,998188,1891,996297
54,12.6697,2390676,998188,1880,996308
54,12.6598,2388552,998188,1883,996305
54,12.1717,2296698,998188,1885,996303
54,16.5418,2791115,998188,1892,996296
54,12.1711,2296186,998188,1878,996310
54,20.0058,3794587,998188,1919,996269
54,12.6709,2391669,998188,1888,996300
54,14.1289,2390768,998188,1882,996306
54,14.0534,2651680,998188,1889,996299
55,13.6738,2579472,998221,1843,996378
55,14.0016,2641235,998221,1850,996371
55,13.5604,2431771,998221,1853,996368
55,12.6677,2389703,998221,1848,996373
55,13.2715,2483213,998221,1852,996369
55,12.1668,2294990,998221,1845,996376
55,12.1638,2294412,998221,1846,996375
55,15.5747,2668768,998221,1861,996360
55,14.3592,2707936,998221,1848,996373
55,12.1678,2295055,998221,1849,996372
56,12.6585,2388295,998254,1817,996437
56,18.3674,2764495,998254,1831,996423
56,12.6732,2391288,998254,1814,996440
56,12.6617,2389432,998254,1817,996437
56,12.6639,2389790,998254,1817,996437
56,15.6923,2987636,998254,1837,996417
56,14.3774,2689172,998254,1819,996435
56,12.1554,2294837,998254,1815,996439
56,12.684,2392633,998254,1817,996437
56,12.1544,2292719,998254,1817,996437
57,13.3703,2521658,998285,1788,996497
57,12.6469,2385809,998285,1785,996500
57,18.9642,3544960,998285,1794,996491
57,18.7311,2616122,998285,1785,996500
57,13.539,2451940,998285,1794,996491
57,13.8704,2615809,998285,1786,996499
57,14.4599,2623752,998285,1783,996502
57,13.222,2481014,998285,1790,996495
57,12.4822,2356997,998285,1785,996500
57,12.9241,2437837,998285,1789,996496
58,13.552,2430405,998315,1761,996554
58,13.9311,2627832,998315,1760,996555
58,12.1428,2290797,998315,1752,996563
58,12.6347,2383504,998315,1752,996563
58,15.3832,2673693,998315,1756,996559
58,12.1422,2290581,998315,1756,996559
58,13.9867,2638712,998315,1749,996566
58,12.6422,2385518,998315,1759,996556
58,12.139,2290595,998315,1755,996560
58,12.8069,2400478,998315,1752,996563
59,12.1317,2288354,998345,1725,996620
59,12.6364,2383486,998345,1728,996617
59,14.0823,2676876,998345,1734,996611
59,13.9721,2635116,998345,1725,996620
59,12.6287,2382496,998345,1724,996621
59,12.6287,2381923,998345,1727,996618
59,13.4761,2542001,998345,1724,996621
59,13.3277,2514576,998345,1724,996621
59,14.7293,2666458,998345,1718,996627
59,14.323,2703708,998345,1745,996600
60,13.9564,2633059,998373,1695,996678
60,12.6301,2382296,998373,1699,996674
60,13.3389,2531709,998373,1705,996668
60,12.1223,2286979,998373,1694,996679
60,13.3514,2518895,998373,1695,996678
60,13.1183,2474766,998373,1700,996673
60,12.1265,2287164,998373,1698,996675
60,13.7029,2587769,998373,1711,996662
60,13.353,2518738,998373,1695,996678
60,12.1231,2287043,998373,1699,996674
61,13.3864,2505431,998400,1672,996728
61,12.6144,2379469,998400,1668,996732
61,12.1146,2285306,998400,1665,996735
61,13.4706,2544590,998400,1676,996724
61,12.6341,2384446,998400,1670,996730
61,14.3762,2713867,998400,1693,996707
61,13.6527,2577258,998400,1692,996708
61,13.9575,2633280,998400,1668,996732
61,12.1181,2286590,998400,1670,996730
61,13.8238,2608330,998400,1671,996729
62,12.6487,2387753,998427,1643,996784
62,13.5752,2529454,998427,1642,996785
62,13.1317,2469036,998427,1639,996788
62,12.115,2287816,998427,1647,996780
62,17.5615,3320052,998427,1675,996752
62,14.7471,2786049,998427,1655,996772
62,19.045,3611426,998427,1672,996755
62,14.7471,2626234,998427,1658,996769
62,14.1575,2496461,998427,1643,996784
62,12.8679,2284561,998427,1648,996779
63,13.4051,2379514,998452,1614,996838
63,13.1702,2411159,998452,1626,996826
63,13.6364,2497071,998452,1643,996809
63,14.5387,2662511,998452,1628,996824
63,14.4329,2620459,998452,1617,996835
63,12.102,2283893,998452,1619,996833
63,16.894,2545320,998452,1621,996831
63,14.335,2624047,998452,1616,996836
63,22.2257,3941916,998452,1626,996826
63,22.7179,3786327,998452,1643,996809
64,18.3022,2846127,998477,1609,996868
64,17.0769,2658917,998477,1586,996891
64,23.8633,3488107,998477,1608,996869
64,17.3303,2597528,998477,1597,996880
64,18.4806,2768392,998477,1616,996861
64,27.7333,4001577,998477,1605,996872
64,18.5162,2651159,998477,1609,996868
64,15.8203,2282977,998477,1592,996885
64,15.8167,2282443,998477,1594,996883
64,18.2256,2619100,998477,1593,996884
65,15.8115,2281674,998501,1570,996931
65,20.5052,2819730,998501,1577,996924
65,19.536,2633190,998501,1571,996930
65,20.6977,2874513,998501,1587,996914
65,18.2009,2625720,998501,1571,996930
65,15.2216,2280072,998501,1572,996929
65,15.2954,2376559,998501,1575,996926
65,16.4833,2560728,998501,1567,996934
65,14.6843,2280960,998501,1569,996932
65,14.7671,2376945,998501,1574,996927
66,13.6951,2279223,998524,1546,996978
66,13.7989,2373159,998524,1550,996974
66,15.2899,2629568,998524,1547,996977
66,14.0884,2504825,998524,1553,996971
66,14.6084,2522806,998524,1567,996957
66,14.7269,2517811,998524,1555,996969
66,13.5175,2312942,998524,1549,996975
66,14.6586,2602892,998524,1548,996976
66,14.4555,2565960,998524,1549,996975
66,12.4518,2279654,998524,1548,996976
67,12.4448,2278194,998547,1525,997022
67,13.799,2602214,998547,1518,997029
67,12.0763,2277971,998547,1518,997029
67,13.7604,2503708,998547,1530,997017
67,12.9775,2376687,998547,1524,997023
67,25.9721,4468088,998547,1524,997023
67,27.6225,3903608,998547,1536,997011
67,17.7037,2653275,998547,1518,997029
67,17.767,2662670,998547,1520,997027
67,27.5794,3982773,998547,1543,997004
68,17.9135,2492434,998569,1505,997064
68,21.6687,2990403,998569,1510,997059
68,17.9227,2492421,998569,1511,997058
68,18.3648,2548339,998569,1509,997060
68,19.7176,2713360,998569,1498,997071
68,25.8356,2569366,998569,1497,997072
68,18.3363,2545165,998569,1507,997062
68,40.8322,4285545,998569,1542,997027
68,16.4169,2277971,998569,1504,997065
68,20.1201,2681950,998569,1506,997063
69,19.4423,2574864,998590,1490,997100
69,19.776,2633890,998590,1479,997111
69,29.041,3860324,998590,1488,997102
69,19.6337,2615756,998590,1471,997119
69,17.8133,2373978,998590,1479,997111
69,16.4117,2277705,998590,1483,997107
69,15.8528,2277154,998590,1477,997113
69,15.8295,2371749,998590,1480,997110
69,15.1959,2277013,998590,1480,997110
69,16.955,2619499,998590,1476,997114
70,16.8724,2621466,998611,1464,997147
70,14.7452,2372280,998611,1458,997153
70,14.1398,2275868,998611,1462,997149
70,15.8005,2629476,998611,1457,997154
70,15.2372,2620078,998611,1454,997157
70,15.4824,2646153,998611,1463,997148
70,13.712,2406875,998611,1465,997146
70,13.2291,2275032,998611,1469,997142
70,13.7785,2369778,998611,1456,997155
70,14.7289,2615440,998611,1462,997149
71,14.3003,2521217,998631,1442,997189
71,12.9362,2368129,998631,1438,997193
71,12.0555,2274181,998631,1439,997192
71,14.2276,2665298,998631,1441,997190
71,12.5676,2371249,998631,1438,997193
71,13.7429,2593996,998631,1442,997189
71,14.8201,2716068,998631,1446,997185
71,12.8083,2274685,998631,1436,997195
71,12.8075,2273782,998631,1446,997185
71,12.8135,2275053,998631,1443,997188
72,12.9357,2367873,998651,1422,997229
72,15.4232,2679281,998651,1458,997193
72,14.434,2650951,998651,1421,997230
72,14.651,2605691,998651,1420,997231
72,13.3784,2374942,998651,1417,997234
72,12.9392,2369240,998651,1423,997228
72,12.4164,2273164,998651,1421,997230
72,14.3403,2605848,998651,1424,997227
72,24.7175,4253165,998651,1428,997223
72,16.1763,2602907,998651,1420,997231
73,14.7155,2368464,998670,1408,997262
73,25.6715,4105650,998670,1411,997259
73,14.1233,2273746,998670,1403,997267
73,14.1226,2272626,998670,1403,997267
73,14.7144,2368259,998670,1398,997272
73,14.7129,2367587,998670,1403,997267
73,16.8543,2693935,998670,1408,997262
73,16.1815,2603730,998670,1398,997272
73,15.2423,2368664,998670,1403,997267
73,16.8695,2620705,998670,1402,997268
74,26.8361,4295238,998688,1388,997300
74,15.5862,2487180,998688,1391,997297
74,14.7092,2366421,998688,1382,997306
74,14.7065,2366219,998688,1381,997307
74,14.2227,2366957,998688,1381,997307
74,25.7651,4124935,998688,1419,997269
74,14.7372,2371344,998688,1386,997302
74,14.2201,2367245,998688,1385,997303
74,15.5401,2573128,998688,1386,997302
74,15.7652,2685742,998688,1391,997297
75,23.9266,2560302,998706,1373,997333
75,14.6956,2511585,998706,1358,997348
75,13.3239,2365641,998706,1366,997340
75,13.9903,2485342,998706,1387,997319
75,13.3211,2365446,998706,1369,997337
75,13.3285,2365978,998706,1363,997343
75,12.9237,2366471,998706,1366,997340
75,14.3215,2597501,998706,1366,997340
75,12.5443,2365984,998706,1368,997338
75,12.544,2366194,998706,1365,997341
76,22.0157,3997426,998724,1360,997364
76,25.6045,4122641,998724,1366,997358
76,16.3205,2630497,998724,1350,997374
76,16.7189,2597386,998724,1346,997378
76,15.2247,2367417,998724,1346,997378
76,16.061,2584528,998724,1349,997375
76,21.5169,2461689,998724,1352,997372
76,13.6352,2269350,998724,1350,997374
76,15.7299,2617598,998724,1349,997375
76,14.2081,2364752,998724,1350,997374
77,15.3038,2631971,998741,1330,997411
77,13.1876,2268190,998741,1330,997411
77,22.11,3810430,998741,1349,997392
77,26.5608,3913809,998741,1338,997403
77,18.2773,2643209,998741,1326,997415
77,18.0712,2607579,998741,1330,997411
77,19.6504,2694100,998741,1352,997389
77,16.7189,2318581,998741,1326,997415
77,19.9869,2761856,998741,1347,997394
77,25.141,3474872,998741,1343,997398
78,24.6183,2823113,998757,1344,997413
78,29.6089,4088175,998757,1321,997436
78,23.4895,2409678,998757,1308,997449
78,16.3454,2267933,998757,1315,997442
78,18.7687,2603771,998757,1315,997442
78,17.0478,2366184,998757,1315,997442
78,28.2458,2448364,998757,1319,997438
78,20.1136,2659063,998757,1314,997443
78,19.132,2637430,998757,1313,997444
78,18.0258,2588037,998757,1315,997442
79,18.6987,2697436,998774,1300,997474
79,17.4303,2611879,998774,1295,997479
79,15.8235,2370608,998774,1300,997474
79,15.2086,2363957,998774,1297,997477
79,16.4189,2537265,998774,1302,997472
79,15.219,2364796,998774,1300,997474
79,16.2956,2621924,998774,1299,997475
79,16.2535,2616705,998774,1299,997475
79,14.7238,2369756,998774,1300,997474
79,16.2185,2609941,998774,1296,997478
80,15.5831,2479180,998790,1277,997513
80,16.2586,2608026,998790,1282,997508
80,22.424,3613833,998790,1314,997476
80,15.5217,2582955,998790,1280,997510
80,14.1968,2362795,998790,1280,997510
80,13.7395,2362958,998790,1284,997506
80,15.1715,2609175,998790,1276,997514
80,13.2985,2360804,998790,1283,997507
80,13.3104,2363179,998790,1281,997509
80,12.379,2266669,998790,1279,997511
81,14.2947,2600509,998805,1294,997511
81,18.0032,3265182,998805,1270,997535
81,12.9002,2361973,998805,1269,997536
81,16.0131,2911097,998805,1278,997527
81,12.3705,2264706,998805,1265,997540
81,12.5503,2367217,998805,1271,997534
81,12.5183,2361250,998805,1269,997536
81,12.0067,2264826,998805,1264,997541
81,13.8394,2612569,998805,1266,997539
81,21.7188,3982700,998805,1269,997536
82,13.7269,2361983,998820,1254,997566
82,13.1664,2264232,998820,1248,997572
82,13.1686,2265575,998820,1251,997569
82,13.317,2363874,998820,1246,997574
82,13.2949,2360858,998820,1250,997570
82,12.8941,2360456,998820,1252,997568
82,14.6809,2671475,998820,1254,997566
82,14.2632,2611126,998820,1246,997574
82,13.7633,2586674,998820,1249,997571
82,14.2336,2605514,998820,1257,997563
83,12.89,2359705,998835,1232,997603
83,14.0401,2596799,998835,1237,997598
83,13.9618,2621315,998835,1244,997591
83,13.7607,2595284,998835,1236,997599
83,13.7617,2595517,998835,1238,997597
83,13.5537,2546145,998835,1236,997599
83,12.7797,2410668,998835,1239,997596
83,12.5121,2359919,998835,1235,997600
83,12.5356,2367170,998835,1236,997599
83,13.8414,2612106,998835,1236,997599
84,13.7844,2600436,998849,1225,997624
84,13.172,2485035,998849,1245,997604
84,13.1356,2472753,998849,1229,997620
84,12.5034,2361031,998849,1224,997625
84,12.5092,2363678,998849,1221,997628
84,12,2264837,998849,1230,997619
84,13.1643,2466921,998849,1223,997626
84,12.5036,2360068,998849,1218,997631
84,12.5024,2358335,998849,1222,997627
84,17.1054,3231397,998849,1249,997600
85,14.5136,2697844,998863,1219,997644
85,18.878,3561747,998863,1227,997636
85,13.9941,2641306,998863,1209,997654
85,12.4982,2359473,998863,1205,997658
85,13.3097,2502990,998863,1213,997650
85,11.9954,2263565,998863,1210,997653
85,11.9939,2262262,998863,1210,997653
85,13.7938,2601568,998863,1207,997656
85,12.5004,2357954,998863,1204,997659
85,12.5015,2359104,998863,1209,997654
86,14.5569,2747518,998877,1201,997676
86,19.8591,3700762,998877,1199,997678
86,24.7023,3988969,998877,1215,997662
86,28.4327,3874914,998877,1244,997633
86,17.3966,2606173,998877,1193,997684
86,17.6154,2639655,998877,1203,997674
86,18.0947,2591844,998877,1194,997683
86,18.0615,2606374,998877,1188,997689
86,27.8322,3989495,998877,1203,997674
86,18.0976,2610962,998877,1189,997688
87,20.1795,2912847,998890,1197,997693
87,16.3398,2358101,998890,1180,997710
87,28.1877,4073417,998890,1201,997689
87,17.7691,2543539,998890,1180,997710
87,16.3447,2359913,998890,1183,997707
87,17.9169,2585270,998890,1176,997714
87,18.7317,2705175,998890,1178,997712
87,17.7354,2547618,998890,1176,997714
87,15.7341,2356523,998890,1179,997711
87,15.1749,2357923,998890,1186,997704
88,15.5502,2491652,998903,1169,997734
88,14.1603,2356684,998903,1167,997736
88,14.1603,2356536,998903,1168,997735
88,13.7042,2357199,998903,1167,997736
88,16.0305,2649209,998903,1186,997717
88,15.6444,2603964,998903,1165,997738
88,14.0668,2362777,998903,1167,997736
88,18.2339,2561781,998903,1169,997734
88,15.2432,2603365,998903,1170,997733
88,14.2797,2442694,998903,1169,997734
89,14.5324,2483361,998916,1151,997765
89,14.6168,2585976,998916,1156,997760
89,12.3421,2259404,998916,1154,997762
89,12.3418,2260776,998916,1156,997760
89,14.221,2594502,998916,1153,997763
89,12.3563,2264093,998916,1153,997763
89,15.0223,2668799,998916,1184,997732
89,16.9278,2917351,998916,1157,997759
89,13.5776,2262939,998916,1156,997760
89,15.5947,2596289,998916,1149,997767
90,22.671,2630260,998928,1140,997788
90,14.15,2355244,998928,1142,997786
90,19.2375,2626969,998928,1146,997782
90,14.1537,2357655,998928,1140,997788
90,14.1496,2355867,998928,1143,997785
90,14.1517,2356473,998928,1142,997786
90,16.066,2567713,998928,1148,997780
90,15.6025,2596540,998928,1141,997787
90,13.7306,2361956,998928,1145,997783
90,13.6945,2355424,998928,1143,997785
91,14.9641,2554231,998941,1129,997812
91,13.263,2354384,998941,1129,997812
91,13.2931,2359772,998941,1126,997815
91,12.3345,2258377,998941,1131,997810
91,12.8642,2355358,998941,1129,997812
91,12.3367,2258608,998941,1131,997810
91,12.4853,2355373,998941,1129,997812
91,12.4847,2354955,998941,1130,997811
91,18.9511,3471935,998941,1141,997800
91,12.8626,2355143,998941,1129,997812
92,11.9683,2257385,998953,1118,997835
92,13.7922,2601204,998953,1118,997835
92,12.4783,2353796,998953,1114,997839
92,12.4784,2353455,998953,1119,997834
92,12.4767,2353187,998953,1117,997836
92,11.9707,2258063,998953,1119,997834
92,14.4818,2718112,998953,1118,997835
92,13.7927,2602459,998953,1118,997835
92,12.4749,2353057,998953,1116,997837
92,12.4993,2358646,998953,1121,997832
93,15.1297,2626439,998964,1132,997832
93,14.0657,2653296,998964,1120,997844
93,13.0963,2456634,998964,1111,997853
93,12.4809,2355179,998964,1108,997856
93,11.9692,2257717,998964,1111,997853
93,14.2887,2683513,998964,1123,997841
93,13.7143,2586781,998964,1109,997855
93,12.4809,2354345,998964,1104,997860
93,13.0059,2453247,998964,1103,997861
93,13.8552,2599329,998964,1111,997853
94,13.5645,2558602,998976,1098,997878
94,12.4838,2355193,998976,1090,997886
94,14.8476,2557873,998976,1096,997880
94,13.7113,2586049,998976,1096,997880
94,11.9636,2256645,998976,1088,997888
94,11.9619,2258070,998976,1095,997881
94,13.7972,2602883,998976,1096,997880
94,13.896,2606405,998976,1094,997882
94,13.0103,2453783,998976,1097,997879
94,11.9668,2257470,998976,1096,997880
95,12.4707,2352514,998987,1085,997902
95,11.9586,2255630,998987,1083,997904
95,13.3785,2528853,998987,1080,997907
95,13.7991,2602791,998987,1089,997898
95,18.7462,3563367,998987,1093,997894
95,24.4167,2945436,998987,1094,997893
95,13.5237,2551155,998987,1085,997902
95,12.4698,2351851,998987,1088,997899
95,11.9608,2256821,998987,1081,997906
95,11.9613,2256536,998987,1084,997903
96,16.744,3143311,998998,1098,997900
96,12.4732,2352566,998998,1072,997926
96,12.4727,2353034,998998,1074,997924
96,23.7106,4163568,998998,1078,997920
96,20.8601,3948019,998998,1101,997897
96,22.8674,4288588,998998,1151,997847
96,21.4443,3809492,998998,1075,997923
96,18.2549,2543494,998998,1093,997905
96,16.0375,2581176,998998,1070,997928
96,16.3789,2601252,998998,1076,997922
97,15.1394,2352709,999009,1062,997947
97,32.7908,3379948,999009,1090,997919
97,17.2901,2591291,999009,1064,997945
97,17.3009,2592245,999009,1058,997951
97,15.695,2351783,999009,1060,997949
97,18.8947,2734178,999009,1089,997920
97,17.4559,2593640,999009,1063,997946
97,23.0519,3457101,999009,1063,997946
97,16.9432,2522271,999009,1055,997954
97,25.2607,3702119,999009,1075,997934
98,23.4762,3391216,999019,1077,997942
98,31.4571,4340132,999019,1056,997963
98,46.4543,3860578,999019,1084,997935
98,27.6598,3684362,999019,1045,997974
98,16.2508,2253662,999019,1051,997968
98,15.6346,2255526,999019,1064,997955
98,16.7885,2492322,999019,1050,997969
98,17.2429,2583084,999019,1051,997968
98,15.2807,2356883,999019,1057,997962
98,16.8066,2602650,999019,1056,997963
99,15.1288,2424171,999029,1043,997986
99,15.5761,2592593,999029,1039,997990
99,15.6095,2597538,999029,1037,997992
99,13.6702,2350962,999029,1036,997993
99,13.6682,2350579,999029,1047,997982
99,16.3479,2566380,999029,1049,997980
99,14.3164,2542194,999029,1037,997992
99,12.842,2350779,999029,1044,997985
99,12.846,2354855,999029,1039,997990
99,14.161,2592316,999029,1040,997989
100,12.8391,2350668,999040,1028,998012
100,12.307,2253335,999040,1027,998013
100,12.4618,2350638,999040,1031,998009
100,12.4717,2352393,999040,1031,998009
100,17.6381,2392348,999040,1037,998003
100,13.187,2416239,999040,1033,998007
100,13.7674,2521933,999040,1040,998000
100,17.7172,3210856,999040,1036,998004
100,13.671,2352551,999040,1034,998006
100,20.6604,2582867,999040,1038,998002
