3,13.2727,2503570,1166706,35,1166671
3,13.2703,2503278,1166706,34,1166672
3,13.2704,2502861,1166706,33,1166673
3,13.2713,2503296,1166706,37,1166669
3,13.271,2503195,1166706,36,1166670
3,13.3862,2511422,1166706,39,1166667
3,13.2697,2502676,1166706,29,1166677
3,13.2708,2503126,1166706,32,1166674
3,13.2693,2503078,1166706,31,1166675
3,13.4476,2536562,1166706,36,1166670
4,13.6686,2577758,1175040,25,1175015
4,19.2867,3660479,1175040,48,1174992
4,14.3307,2702705,1175040,30,1175010
4,13.6696,2578237,1175040,42,1174998
4,15.6461,2621999,1175040,49,1174991
4,13.6678,2577919,1175040,30,1175010
4,13.6698,2578699,1175040,35,1175005
4,15.566,2611798,1175040,44,1174996
4,13.6687,2577785,1175040,36,1175004
4,13.8925,2620477,1175040,37,1175003
5,13.9085,2623097,1180040,42,1179998
5,13.9086,2623464,1180040,43,1179997
5,13.9073,2622734,1180040,35,1180005
5,13.9078,2624578,1180040,38,1180002
5,13.9083,2623181,1180040,40,1180000
5,13.9081,2623447,1180040,37,1180003
5,14.0149,2643226,1180040,36,1180004
5,13.9077,2623155,1180040,37,1180003
5,13.9075,2622938,1180040,35,1180005
5,21.1145,2640889,1180040,46,1179994
6,14.0662,2653076,1183373,35,1183338
6,14.1713,2661516,1183373,46,1183327
6,14.1037,2660493,1183373,38,1183335
6,14.1035,2659693,1183373,40,1183333
6,14.2441,2686937,1183373,42,1183331
6,14.5186,2739027,1183373,62,1183311
6,14.206,2667703,1183373,44,1183329
6,14.0664,2653388,1183373,33,1183340
6,14.0675,2653148,1183373,33,1183340
6,19.0775,2688485,1183373,44,1183329
7,14.181,2674649,1185754,39,1185715
7,14.1812,2675457,1185754,41,1185713
7,14.1846,2675425,1185754,48,1185706
7,14.7393,2678351,1185754,49,1185705
7,14.1899,2678162,1185754,33,1185721
7,14.1851,2675612,1185754,41,1185713
7,14.1802,2674663,1185754,39,1185715
7,18.1159,3439810,1185754,5462,1180292
7,14.181,2675501,1185754,36,1185718
7,14.1809,2674266,1185754,36,1185718
8,14.2662,2691246,1187540,33,1187507
8,14.2645,2690111,1187540,32,1187508
8,14.2655,2690659,1187540,40,1187500
8,14.267,2690683,1187540,39,1187501
8,14.2647,2690174,1187540,31,1187509
8,14.394,2714928,1187540,44,1187496
8,14.3592,2695313,1187540,45,1187495
8,14.2667,2690805,1187540,39,1187501
8,14.2656,2691044,1187540,35,1187505
8,14.3316,2691573,1187540,39,1187501
9,14.3317,2703185,1188928,35,1188893
9,14.3325,2702990,1188928,39,1188889
9,14.3331,2703135,1188928,37,1188891
9,14.3326,2703553,1188928,43,1188885
9,14.3321,2702995,1188928,37,1188891
9,14.3321,2703112,1188928,37,1188891
9,16.0003,2705144,1188928,41,1188887
9,14.3319,2703041,1188928,35,1188893
9,14.3312,2702907,1188928,31,1188897
9,16.2471,3067732,1188928,60,1188868
10,14.3851,2713970,1190040,33,1190007
10,18.3577,2723815,1190040,34,1190006
10,14.3852,2714127,1190040,35,1190005
10,14.3857,2713359,1190040,40,1190000
10,14.3858,2713292,1190040,35,1190005
10,14.3847,2712766,1190040,37,1190003
10,14.3854,2714373,1190040,36,1190004
10,14.3853,2712755,1190040,37,1190003
10,14.7342,2779412,1190040,40,1190000
10,14.3862,2713675,1190040,38,1190002
11,21.1377,3188719,1190949,9140,1181809
11,16.8554,3178861,1190949,9143,1181806
11,16.9408,3194548,1190949,9147,1181802
11,16.8545,3178087,1190949,9136,1181813
11,16.8354,3174531,1190949,9140,1181809
11,25.2252,4762033,1190949,10646,1180303
11,16.7355,3156031,1190949,9147,1181802
11,16.947,3195833,1190949,9156,1181793
11,16.8095,3169876,1190949,9146,1181803
11,17.0441,3199928,1190949,9201,1181748
12,16.8987,3188299,1191706,8374,1183332
12,16.8999,3186708,1191706,8379,1183327
12,16.9194,3190378,1191706,8372,1183334
12,19.4997,3693680,1191706,8413,1183293
12,17.3028,3263124,1191706,8372,1183334
12,16.9725,3189453,1191706,8390,1183316
12,16.9388,3194609,1191706,8384,1183322
12,16.875,3182461,1191706,8386,1183320
12,16.9242,3182430,1191706,8366,1183340
12,16.9379,3193944,1191706,8378,1183328
13,16.7497,3158679,1192347,7741,1184606
13,16.9002,3174673,1192347,7734,1184613
13,16.7491,3158354,1192347,7742,1184605
13,22.3235,4218081,1192347,7732,1184615
13,16.7883,3165914,1192347,7730,1184617
13,16.7396,3156999,1192347,7723,1184624
13,16.9012,3171906,1192347,7740,1184607
13,16.8211,3172010,1192347,7724,1184623
13,16.7929,3166876,1192347,7745,1184602
13,16.8484,3161922,1192347,7741,1184606
14,16.6437,3138582,1192897,7180,1185717
14,16.6308,3136083,1192897,7177,1185720
14,16.6243,3134980,1192897,7179,1185718
14,23.903,4489653,1192897,7197,1185700
14,16.6482,3139670,1192897,7178,1185719
14,16.6059,3131632,1192897,7180,1185717
14,16.7078,3140232,1192897,7178,1185719
14,17.5927,3318786,1192897,7679,1185218
14,16.6451,3138561,1192897,7180,1185717
14,16.6248,3136432,1192897,7177,1185720
15,16.5095,3114444,1193373,6703,1186670
15,17.9383,3113046,1193373,6710,1186663
15,16.509,3113966,1193373,6697,1186676
15,22.8676,3451221,1193373,6713,1186660
15,16.7828,3165975,1193373,6707,1186666
15,16.5172,3114759,1193373,6699,1186674
15,23.113,3112288,1193373,6705,1186668
15,16.5166,3115307,1193373,6695,1186678
15,16.6131,3123828,1193373,6702,1186671
15,16.4899,3109981,1193373,6700,1186673
16,21.9904,4162387,1193790,6294,1187496
16,16.3897,3090786,1193790,6279,1187511
16,16.3943,3091814,1193790,6282,1187508
16,16.3968,3092140,1193790,6280,1187510
16,16.4463,3090942,1193790,6289,1187501
16,17.5206,3092457,1193790,6285,1187505
16,16.4832,3108970,1193790,6295,1187495
16,16.3933,3092650,1193790,6281,1187509
16,16.4482,3101866,1193790,6284,1187506
16,16.5091,3099967,1193790,6285,1187505
17,16.2786,3069955,1194157,5914,1188243
17,16.3545,3084546,1194157,5916,1188241
17,17.6615,3079736,1194157,5924,1188233
17,16.8169,3155733,1194157,5922,1188235
17,16.316,3076944,1194157,5920,1188237
17,16.3557,3084587,1194157,5921,1188236
17,16.2942,3072460,1194157,5914,1188243
17,16.3547,3084652,1194157,5915,1188242
17,16.8564,3167836,1194157,5921,1188236
17,16.3156,3076900,1194157,5916,1188241
18,17.3624,3243422,1194484,5606,1188878
18,16.2474,3064103,1194484,5591,1188893
18,16.2478,3064011,1194484,5589,1188895
18,16.2664,3067937,1194484,5588,1188896
18,16.2523,3065121,1194484,5588,1188896
18,16.1918,3053418,1194484,5587,1188897
18,16.431,3098798,1194484,5595,1188889
18,16.2656,3067702,1194484,5590,1188894
18,16.3777,3072603,1194484,5594,1188890
18,16.411,3095286,1194484,5591,1188893
19,16.1923,3053638,1194776,5307,1189469
19,22.8094,3049051,1194776,5305,1189471
19,16.1322,3042260,1194776,5299,1189477
19,16.1574,3047193,1194776,5303,1189473
19,16.1582,3047356,1194776,5303,1189473
19,16.1355,3042764,1194776,5300,1189476
19,22.014,4172690,1194776,5309,1189467
19,16.3389,3067387,1194776,5298,1189478
19,16.1488,3045894,1194776,5296,1189480
19,16.1571,3046637,1194776,5300,1189476
20,16.2656,3043383,1195040,5031,1190009
20,16.1532,3046064,1195040,5036,1190004
20,16.0579,3028113,1195040,5036,1190004
20,16.0882,3034734,1195040,5029,1190011
20,16.1213,3040179,1195040,5025,1190015
20,20.5364,3037867,1195040,5043,1189997
20,16.1583,3053779,1195040,5028,1190012
20,16.0885,3033952,1195040,5032,1190008
20,16.0573,3028150,1195040,5032,1190008
20,16.2661,3067693,1195040,5038,1190002
21,16.1299,3029467,1195278,4796,1190482
21,16.0659,3029718,1195278,4795,1190483
21,16.0664,3030036,1195278,4790,1190488
21,16.0669,3029956,1195278,4795,1190483
21,16.0644,3029532,1195278,4796,1190482
21,16.0753,3022509,1195278,4799,1190479
21,16.5684,3107308,1195278,5035,1190243
21,16.0662,3030030,1195278,4797,1190481
21,16.0231,3021765,1195278,4802,1190476
21,16.4198,3020108,1195278,4797,1190481
22,15.9715,3011857,1195494,4580,1190914
22,16.3524,3069680,1195494,4590,1190904
22,15.9962,3016962,1195494,4586,1190908
22,15.9962,3017066,1195494,4583,1190911
22,28.5222,3904491,1195494,6364,1189130
22,16.0205,3011684,1195494,4582,1190912
22,15.9483,3007805,1195494,4580,1190914
22,19.8692,3017888,1195494,4589,1190905
22,15.9639,3011496,1195494,4581,1190913
22,15.9508,3008201,1195494,4583,1190911
23,15.9652,3010974,1195692,4380,1191312
23,15.9613,3010543,1195692,4379,1191313
23,21.8183,3011566,1195692,4378,1191314
23,16.0814,3014749,1195692,4381,1191311
23,15.9276,3003661,1195692,4378,1191314
23,15.9602,3010085,1195692,4380,1191312
23,18.0919,3062078,1195692,4396,1191296
23,15.9316,3004747,1195692,4380,1191312
23,15.9649,3011037,1195692,4381,1191311
23,15.9507,3007897,1195692,4382,1191310
24,16.1387,3043920,1195873,4307,1191566
24,15.9353,2995699,1195873,4203,1191670
24,15.8897,2996472,1195873,4206,1191667
24,15.8762,2994030,1195873,4200,1191673
24,16.0167,3003120,1195873,4200,1191673
24,15.8799,2994466,1195873,4204,1191669
24,15.8705,2993353,1195873,4198,1191675
24,15.8796,2994716,1195873,4202,1191671
24,15.871,2993126,1195873,4204,1191669
24,16.0042,2999463,1195873,4206,1191667
25,15.8544,2989979,1196040,4033,1192007
25,15.8209,2983749,1196040,4031,1192009
25,15.8232,2983874,1196040,4038,1192002
25,15.9858,3001801,1196040,4034,1192006
25,15.8786,2994578,1196040,4032,1192008
25,15.822,2984110,1196040,4033,1192007
25,15.9192,2993315,1196040,4035,1192005
25,15.879,2994346,1196040,4033,1192007
25,15.8602,2990793,1196040,4033,1192007
25,15.9285,2992735,1196040,4034,1192006
26,15.8102,2981744,1196193,3882,1192311
26,15.7801,2976048,1196193,3881,1192312
26,15.8081,2981096,1196193,3874,1192319
26,19.7518,2982566,1196193,3884,1192309
26,15.7821,2976553,1196193,3877,1192316
26,15.7959,2979137,1196193,3887,1192306
26,15.8319,2987032,1196193,3885,1192308
26,15.8104,2981636,1196193,3877,1192316
26,15.891,2983209,1196193,3886,1192307
26,15.8182,2983032,1196193,3886,1192307
27,15.7682,2975107,1196336,3733,1192603
27,15.7663,2973373,1196336,3740,1192596
27,15.8543,2980072,1196336,3744,1192592
27,15.7665,2973173,1196336,3740,1192596
27,16.9783,2987812,1196336,3743,1192593
27,15.7706,2974103,1196336,3740,1192596
27,16.5811,3127668,1196336,3746,1192590
27,17.1482,2974642,1196336,3735,1192601
27,15.7624,2972381,1196336,3736,1192600
27,15.7754,2975068,1196336,3738,1192598
28,15.7946,2971351,1196468,3612,1192856
28,16.0263,3009428,1196468,3610,1192858
28,15.8712,2993413,1196468,3608,1192860
28,15.9278,3003979,1196468,3612,1192856
28,16.8704,2968618,1196468,3606,1192862
28,16.4011,3095746,1196468,3611,1192857
28,15.727,2965823,1196468,3603,1192865
28,15.7268,2965851,1196468,3604,1192864
28,15.7434,2969270,1196468,3607,1192861
28,15.7346,2967635,1196468,3604,1192864
29,15.7358,2968558,1196591,3490,1193101
29,15.7169,2963994,1196591,3487,1193104
29,15.7358,2967673,1196591,3484,1193107
29,20.0246,2965466,1196591,3483,1193108
29,15.7305,2967493,1196591,3485,1193106
29,15.7298,2966676,1196591,3484,1193107
29,16.7579,2965496,1196591,3487,1193104
29,15.7305,2966435,1196591,3483,1193108
29,15.7366,2967741,1196591,3486,1193105
29,15.7163,2963727,1196591,3478,1193113
30,15.6801,2957463,1196706,3367,1193339
30,15.7638,2962223,1196706,3370,1193336
30,15.6808,2957180,1196706,3376,1193330
30,15.6842,2957787,1196706,3365,1193341
30,15.8202,2963713,1196706,3362,1193344
30,15.6827,2957385,1196706,3373,1193333
30,15.6698,2954988,1196706,3373,1193333
30,15.6775,2956704,1196706,3373,1193333
30,24.1796,3373536,1196706,3505,1193201
30,15.6828,2957483,1196706,3369,1193337
31,15.7736,2962409,1196814,3262,1193552
31,15.6364,2948963,1196814,3257,1193557
31,15.675,2956084,1196814,3257,1193557
31,15.677,2956759,1196814,3257,1193557
31,15.6654,2954387,1196814,3266,1193548
31,21.9424,2956915,1196814,3262,1193552
31,15.6672,2954383,1196814,3263,1193551
31,15.6536,2951892,1196814,3265,1193549
31,21.9392,4143251,1196814,3264,1193550
31,15.6663,2954300,1196814,3259,1193555
32,21.6126,2947015,1196915,3160,1193755
32,15.624,2946332,1196915,3153,1193762
32,16.0466,3008951,1196915,3164,1193751
32,15.6249,2946583,1196915,3159,1193756
32,15.6403,2949598,1196915,3153,1193762
32,15.8092,2964316,1196915,3166,1193749
32,15.6089,2943885,1196915,3154,1193761
32,15.6659,2954517,1196915,3160,1193755
32,17.6076,3353681,1196915,3165,1193750
32,15.6416,2949830,1196915,3163,1193752
33,22.6116,2944101,1197009,3069,1193940
33,15.617,2945791,1197009,3070,1193939
33,17.2012,3219497,1197009,3067,1193942
33,15.5922,2940248,1197009,3076,1193933
33,15.6023,2942317,1197009,3061,1193948
33,16.5879,3016689,1197009,3201,1193808
33,15.6063,2942976,1197009,3066,1193943
33,15.9321,3005441,1197009,3185,1193824
33,15.6035,2943441,1197009,3073,1193936
33,15.6159,2945035,1197009,3064,1193945
34,15.5806,2938068,1197098,2977,1194121
34,15.676,2941705,1197098,2979,1194119
34,15.582,2938409,1197098,2973,1194125
34,15.5739,2937150,1197098,2973,1194125
34,15.6287,2939027,1197098,2975,1194123
34,15.5729,2937197,1197098,2976,1194122
34,28.484,3720498,1197098,3383,1193715
34,16.3854,3084354,1197098,2983,1194115
34,15.5728,2936709,1197098,2975,1194123
34,19.4915,2943224,1197098,2979,1194119
35,15.546,2931950,1197182,2892,1194290
35,15.7406,2969503,1197182,2906,1194276
35,15.5851,2938929,1197182,2891,1194291
35,15.5874,2939483,1197182,2887,1194295
35,17.3722,2941673,1197182,2894,1194288
35,15.5847,2938915,1197182,2886,1194296
35,15.5839,2940700,1197182,2890,1194292
35,15.5763,2937581,1197182,2884,1194298
35,15.5858,2940345,1197182,2899,1194283
35,15.6874,2945587,1197182,2894,1194288
36,15.5298,2928738,1197262,2810,1194452
36,15.552,2932701,1197262,2813,1194449
36,15.9836,2999413,1197262,2822,1194440
36,15.553,2933224,1197262,2820,1194442
36,15.545,2931571,1197262,2816,1194446
36,16.0298,2999688,1197262,2817,1194445
36,17.7783,3355992,1197262,2817,1194445
36,15.5511,2932737,1197262,2806,1194456
36,15.5439,2931745,1197262,2813,1194449
36,19.9209,3005681,1197262,2817,1194445
37,15.5379,2930887,1197337,2736,1194601
37,15.5256,2927913,1197337,2731,1194606
37,15.5319,2929139,1197337,2735,1194602
37,15.5394,2930639,1197337,2739,1194598
37,15.6737,2935584,1197337,2727,1194610
37,15.526,2928567,1197337,2736,1194601
37,15.6398,2940404,1197337,2743,1194594
37,16.0373,3024950,1197337,2736,1194601
37,15.8123,2982172,1197337,2736,1194601
37,15.5163,2926290,1197337,2733,1194604
38,15.497,2922946,1197408,2663,1194745
38,15.8765,2994727,1197408,2675,1194733
38,15.6316,2931966,1197408,2673,1194735
38,15.5008,2923197,1197408,2666,1194742
38,15.4996,2923709,1197408,2663,1194745
38,15.5113,2925120,1197408,2665,1194743
38,15.5577,2923195,1197408,2672,1194736
38,15.501,2923425,1197408,2664,1194744
38,16.1096,3038672,1197408,2674,1194734
38,15.5811,2927115,1197408,2672,1194736
39,15.5,2923180,1197475,2601,1194874
39,15.5002,2923107,1197475,2602,1194873
39,15.5699,2923878,1197475,2597,1194878
39,15.4783,2918977,1197475,2606,1194869
39,17.3369,3298081,1197475,3000,1194475
39,15.6235,2931123,1197475,2608,1194867
39,15.5047,2924044,1197475,2600,1194875
39,16.5219,3115389,1197475,2597,1194878
39,15.6049,2930052,1197475,2603,1194872
39,15.5152,2927072,1197475,2599,1194876
40,15.4669,2917118,1197540,2537,1195003
40,15.5834,2922852,1197540,2541,1194999
40,15.476,2918506,1197540,2533,1195007
40,15.4667,2916811,1197540,2536,1195004
40,15.4662,2918115,1197540,2532,1195008
40,15.5259,2917590,1197540,2534,1195006
40,15.4689,2919267,1197540,2534,1195006
40,15.461,2915565,1197540,2536,1195004
40,15.4664,2916945,1197540,2543,1194997
40,15.465,2916280,1197540,2534,1195006
41,15.5235,2916482,1197600,2471,1195129
41,15.4518,2913909,1197600,2474,1195126
41,15.4633,2919172,1197600,2478,1195122
41,15.5443,2921319,1197600,2474,1195126
41,15.4795,2919989,1197600,2475,1195125
41,15.5569,2920829,1197600,2481,1195119
41,15.4823,2919493,1197600,2478,1195122
41,15.4623,2916377,1197600,2476,1195124
41,15.4521,2915139,1197600,2481,1195119
41,15.4514,2914576,1197600,2473,1195127
42,16.4457,2911569,1197659,2411,1195248
42,15.7678,2974223,1197659,2418,1195241
42,15.4397,2913424,1197659,2411,1195248
42,16.5629,2912638,1197659,2419,1195240
42,15.4452,2912696,1197659,2418,1195241
42,15.4447,2912752,1197659,2420,1195239
42,15.4394,2912010,1197659,2412,1195247
42,15.4425,2912392,1197659,2413,1195246
42,15.7735,2976988,1197659,2519,1195140
42,15.4476,2913123,1197659,2415,1195244
43,15.5511,2918320,1197714,2366,1195348
43,16.637,2913687,1197714,2360,1195354
43,22.0555,2969869,1197714,2433,1195281
43,15.4379,2911404,1197714,2359,1195355
43,15.4421,2912335,1197714,2360,1195354
43,15.4438,2912423,1197714,2367,1195347
43,15.4382,2911755,1197714,2354,1195360
43,16.8507,3153890,1197714,2431,1195283
43,15.4549,2914441,1197714,2363,1195351
43,15.4428,2912240,1197714,2362,1195352
44,16.5781,2909365,1197767,2310,1195457
44,15.4402,2911787,1197767,2309,1195458
44,16.4179,3099466,1197767,2331,1195436
44,15.4143,2906960,1197767,2309,1195458
44,19.1639,2908941,1197767,2311,1195456
44,15.4726,2919972,1197767,2308,1195459
44,25.5056,4812813,1197767,2320,1195447
44,15.4838,2907599,1197767,2305,1195462
44,15.4367,2911226,1197767,2310,1195457
44,15.4096,2906375,1197767,2310,1195457
45,15.4166,2907270,1197817,2253,1195564
45,15.4164,2907798,1197817,2252,1195565
45,15.4151,2907688,1197817,2259,1195558
45,15.4155,2907044,1197817,2256,1195561
45,23.3008,3080645,1197817,2256,1195561
45,15.4237,2909106,1197817,2260,1195557
45,15.4151,2907268,1197817,2253,1195564
45,15.4114,2906384,1197817,2261,1195556
45,16.7909,3169910,1197817,2262,1195555
45,15.4113,2906398,1197817,2260,1195557
46,15.3877,2901849,1197866,2210,1195656
46,15.3838,2901252,1197866,2206,1195660
46,15.3843,2902966,1197866,2202,1195664
46,15.7249,2966198,1197866,2318,1195548
46,15.3869,2902034,1197866,2210,1195656
46,15.384,2901727,1197866,2211,1195655
46,15.3821,2900920,1197866,2208,1195658
46,15.3886,2902120,1197866,2208,1195658
46,15.4927,2908444,1197866,2216,1195650
46,15.532,2904092,1197866,2210,1195656
47,15.4027,2904915,1197912,2161,1195751
47,15.3719,2899176,1197912,2162,1195750
47,15.5099,2910095,1197912,2167,1195745
47,16.3337,2922656,1197912,2161,1195751
47,15.3997,2904359,1197912,2160,1195752
47,15.37,2898602,1197912,2160,1195752
47,15.4909,2905817,1197912,2169,1195743
47,15.3763,2900272,1197912,2165,1195747
47,15.3755,2900362,1197912,2159,1195753
47,15.6336,2912208,1197912,2171,1195741
48,15.3813,2901018,1197956,2121,1195835
48,15.5847,2905958,1197956,2119,1195837
48,15.3814,2901030,1197956,2116,1195840
48,15.8934,2997468,1197956,2125,1195831
48,15.9747,3001008,1197956,2124,1195832
48,15.3802,2901063,1197956,2122,1195834
48,15.443,2901467,1197956,2123,1195833
48,16.4096,3095199,1197956,2116,1195840
48,15.4894,2905096,1197956,2122,1195834
48,15.3793,2900552,1197956,2120,1195836
49,15.8847,2998182,1197999,2080,1195919
49,15.3734,2899351,1197999,2077,1195922
49,15.3774,2901324,1197999,2071,1195928
49,15.7323,2900937,1197999,2068,1195931
49,15.3498,2895926,1197999,2076,1195923
49,15.3496,2894948,1197999,2074,1195925
49,15.3656,2898024,1197999,2074,1195925
49,15.4223,2899405,1197999,2080,1195919
49,15.3613,2897726,1197999,2075,1195924
49,15.3737,2899387,1197999,2072,1195927
50,19.8401,3157312,1198040,2343,1195697
50,15.3504,2894839,1198040,2032,1196008
50,15.3667,2898171,1198040,2036,1196004
50,15.3668,2898010,1198040,2034,1196006
50,15.3484,2894487,1198040,2031,1196009
50,15.3686,2898949,1198040,2028,1196012
50,15.3589,2896421,1198040,2034,1196006
50,15.6213,2925484,1198040,2044,1195996
50,15.3559,2897356,1198040,2033,1196007
50,15.3652,2909333,1198040,2036,1196004
51,15.3359,2893174,1198079,1996,1196083
51,15.3537,2898386,1198079,1990,1196089
51,15.4548,2917000,1198079,2000,1196079
51,19.6044,3732336,1198079,973,1197106
51,15.3337,2892003,1198079,1997,1196082
51,16.573,2900694,1198079,2000,1196079
51,15.3516,2895295,1198079,1998,1196081
51,15.3399,2893877,1198079,1987,1196092
51,15.3511,2895213,1198079,1992,1196087
51,16.0748,2952145,1198079,2005,1196074
52,15.4483,2899252,1198116,1960,1196156
52,15.3375,2892341,1198116,1961,1196155
52,16.0698,3031226,1198116,1964,1196152
52,15.3234,2890029,1198116,1966,1196150
52,15.3406,2893153,1198116,1956,1196160
52,15.3366,2894574,1198116,1958,1196158
52,15.3226,2890286,1198116,1959,1196157
52,15.3365,2892378,1198116,1955,1196161
52,15.4541,2898677,1198116,1960,1196156
52,15.3374,2892240,1198116,1959,1196157
53,15.857,2946422,1198153,1921,1196232
53,15.3334,2892025,1198153,1922,1196231
53,15.357,2897333,1198153,1923,1196230
53,15.8594,2997228,1198153,1940,1196213
53,16.2619,2932786,1198153,1931,1196222
53,15.7021,2968071,1198153,1910,1196243
53,17.834,2906345,1198153,1929,1196224
53,15.5844,2900600,1198153,1920,1196233
53,15.3715,2900510,1198153,1926,1196227
53,15.3269,2891207,1198153,1919,1196234
54,16.0143,2993154,1198188,2040,1196148
54,15.3133,2888369,1198188,1885,1196303
54,15.465,2918695,1198188,1890,1196298
54,18.4603,2901122,1198188,1898,1196290
54,15.32,2889550,1198188,1886,1196302
54,15.3135,2888229,1198188,1878,1196310
54,15.3142,2887816,1198188,1884,1196304
54,16.8418,2909787,1198188,1884,1196304
54,15.3258,2890293,1198188,1890,1196298
54,15.3112,2887574,1198188,1890,1196298
55,15.2995,2885094,1198221,1851,1196370
55,15.6071,2944241,1198221,1859,1196362
55,15.6122,2932731,1198221,1862,1196359
55,15.2993,2885137,1198221,1854,1196367
55,15.3021,2885674,1198221,1848,1196373
55,15.3163,2889313,1198221,1847,1196374
55,20.0115,3799314,1198221,1861,1196360
55,15.2991,2885238,1198221,1855,1196366
55,15.3163,2888789,1198221,1849,1196372
55,17.5379,2901123,1198221,1857,1196364
56,15.2911,2883987,1198254,1821,1196433
56,15.3078,2887098,1198254,1816,1196438
56,15.3868,2888113,1198254,1822,1196432
56,16.7257,2888391,1198254,1820,1196434
56,17.3806,3279186,1198254,1878,1196376
56,16.5693,2886333,1198254,1821,1196433
56,15.2895,2883779,1198254,1824,1196430
56,15.2904,2883493,1198254,1819,1196435
56,15.3086,2887062,1198254,1826,1196428
56,16.0717,2885267,1198254,1818,1196436
57,15.2997,2885540,1198285,1790,1196495
57,17.0854,2888917,1198285,1800,1196485
57,18.3442,2953127,1198285,1878,1196407
57,15.2897,2884983,1198285,1788,1196497
57,15.8463,2975559,1198285,1810,1196475
57,15.4233,2909466,1198285,1794,1196491
57,15.4004,2894213,1198285,1786,1196499
57,15.6139,2885345,1198285,1790,1196495
57,16.7713,2890995,1198285,1790,1196495
57,15.3909,2889729,1198285,1789,1196496
58,15.296,2885365,1198315,1758,1196557
58,16.102,2883698,1198315,1758,1196557
58,15.2993,2885224,1198315,1763,1196552
58,20.0893,3822556,1198315,1760,1196555
58,22.5858,2930746,1198315,1770,1196545
58,15.2802,2881780,1198315,1759,1196556
58,15.3303,2883409,1198315,1764,1196551
58,15.2814,2881977,1198315,1756,1196559
58,15.8137,2883896,1198315,1765,1196550
58,15.2791,2881500,1198315,1756,1196559
59,15.2866,2883126,1198345,1728,1196617
59,15.3978,2892243,1198345,1738,1196607
59,15.5306,2929413,1198345,1782,1196563
59,15.293,2884261,1198345,1728,1196617
59,15.4868,2920673,1198345,1730,1196615
59,15.2913,2884154,1198345,1728,1196617
59,17.1125,3211779,1198345,1730,1196615
59,15.2812,2882109,1198345,1731,1196614
59,15.2873,2882932,1198345,1736,1196609
59,15.2864,2882773,1198345,1727,1196618
60,15.2694,2880035,1198373,1705,1196668
60,19.488,2884048,1198373,1701,1196672
60,15.2641,2878633,1198373,1699,1196674
60,15.275,2880509,1198373,1699,1196674
60,15.2862,2882787,1198373,1695,1196678
60,15.2687,2879921,1198373,1704,1196669
60,15.2746,2880817,1198373,1698,1196675
60,16.2355,2909196,1198373,1703,1196670
60,15.2764,2881030,1198373,1698,1196675
60,15.27,2879618,1198373,1699,1196674
61,15.265,2878673,1198400,1676,1196724
61,16.1901,3054177,1198400,1686,1196714
61,15.2666,2879178,1198400,1671,1196729
61,15.2587,2877419,1198400,1676,1196724
61,15.9034,2911854,1198400,1677,1196723
61,15.2814,2882999,1198400,1674,1196726
61,15.2723,2880290,1198400,1671,1196729
61,15.2706,2879694,1198400,1674,1196726
61,15.2755,2880525,1198400,1667,1196733
61,15.478,2919178,1198400,1686,1196714
62,15.2629,2878429,1198427,1649,1196778
62,16.7123,2879251,1198427,1650,1196777
62,17.5509,2962333,1198427,1646,1196781
62,15.2649,2878505,1198427,1648,1196779
62,16.0923,2879377,1198427,1651,1196776
62,15.2577,2877557,1198427,1651,1196776
62,15.3999,2904539,1198427,1646,1196781
62,16.2706,3068835,1198427,1640,1196787
62,16.5982,2980595,1198427,1818,1196609
62,15.2493,2875786,1198427,1650,1196777
63,21.5009,4064488,1198452,1630,1196822
63,21.6713,4033010,1198452,1644,1196808
63,15.4124,2910581,1198452,1629,1196823
63,15.8648,2933396,1198452,1635,1196817
63,15.537,2909317,1198452,1624,1196828
63,15.2719,2885467,1198452,1618,1196834
63,15.2951,2885673,1198452,1624,1196828
63,18.6916,3509024,1198452,1633,1196819
63,16.3803,3048233,1198452,1880,1196572
63,15.2613,2882133,1198452,1616,1196836
64,17.643,2899393,1198477,1604,1196873
64,15.2431,2875934,1198477,1596,1196881
64,15.3202,2892379,1198477,1601,1196876
64,15.2576,2879024,1198477,1603,1196874
64,15.4799,2921424,1198477,1600,1196877
64,23.4426,4391932,1198477,1617,1196860
64,24.5299,4629624,1198477,1614,1196863
64,15.4042,2911845,1198477,1603,1196874
64,18.9861,3545058,1198477,1627,1196850
64,22.6936,4283411,1198477,1640,1196837
65,15.5957,2942230,1198501,1572,1196929
65,20.8886,3761803,1198501,1602,1196899
65,22.1505,3937123,1198501,1583,1196918
65,18.2462,3449903,1198501,1570,1196931
65,22.2354,4203193,1198501,1597,1196904
65,21.7267,4068444,1198501,1588,1196913
65,17.305,3050217,1198501,1583,1196918
65,17.5474,2894867,1198501,1575,1196926
65,19.6076,3130884,1198501,1614,1196887
65,17.8896,2879355,1198501,1577,1196924
66,19.3159,2874809,1198524,1556,1196968
66,22.301,3716615,1198524,1573,1196951
66,22.2737,2890286,1198524,1560,1196964
66,18.158,2873894,1198524,1549,1196975
66,16.9936,2928775,1198524,1556,1196968
66,25.3806,4159737,1198524,1563,1196961
66,17.9787,2898246,1198524,1546,1196978
66,18.0682,2887589,1198524,1554,1196970
66,18.0954,2884830,1198524,1550,1196974
66,26.8944,2877790,1198524,1556,1196968
67,20.6618,3214029,1198547,1541,1197006
67,31.98,4307706,1198547,1552,1196995
67,18.523,2882605,1198547,1532,1197015
67,18.6758,2885256,1198547,1529,1197018
67,18.1088,2897688,1198547,1524,1197023
67,17.2721,2875321,1198547,1526,1197021
67,18.7461,3121279,1198547,1542,1197005
67,16.7078,2873331,1198547,1523,1197024
67,16.8359,2878958,1198547,1527,1197020
67,16.1856,2873427,1198547,1523,1197024
68,16.1663,2870080,1198569,1503,1197066
68,16.1702,2870804,1198569,1508,1197061
68,16.1786,2871793,1198569,1509,1197060
68,15.6776,2869513,1198569,1500,1197069
68,15.8044,2894722,1198569,1508,1197061
68,16.1634,2959525,1198569,1509,1197060
68,20.0013,2888011,1198569,1517,1197052
68,17.0509,2914871,1198569,1514,1197055
68,15.2228,2870866,1198569,1505,1197064
68,16.2368,2873970,1198569,1515,1197054
69,15.6869,2871677,1198590,1489,1197101
69,15.5198,2927379,1198590,1492,1197098
69,16.196,3032257,1198590,1553,1197037
69,15.2252,2871417,1198590,1488,1197102
69,15.2179,2870016,1198590,1487,1197103
69,15.5304,2930228,1198590,1484,1197106
69,15.2291,2872049,1198590,1486,1197104
69,15.2258,2873316,1198590,1488,1197102
69,15.2319,2872713,1198590,1486,1197104
69,23.3964,2873791,1198590,1483,1197107
70,15.2255,2871524,1198611,1464,1197147
70,15.3068,2874905,1198611,1466,1197145
70,15.2106,2868960,1198611,1463,1197148
70,15.214,2869066,1198611,1465,1197146
70,15.2216,2870612,1198611,1462,1197149
70,15.2032,2867277,1198611,1463,1197148
70,22.4019,2895905,1198611,1464,1197147
70,15.4211,2909887,1198611,1519,1197092
70,15.2265,2871784,1198611,1456,1197155
70,15.2046,2867496,1198611,1464,1197147
71,15.2101,2868958,1198631,1437,1197194
71,15.2667,2869101,1198631,1443,1197188
71,16.6652,2869916,1198631,1448,1197183
71,15.4039,2905473,1198631,1448,1197183
71,15.215,2869721,1198631,1444,1197187
71,15.2152,2869389,1198631,1445,1197186
71,19.9856,2868412,1198631,1441,1197190
71,15.215,2869997,1198631,1444,1197187
71,15.2133,2868870,1198631,1441,1197190
71,15.2154,2869577,1198631,1442,1197189
72,15.1937,2865269,1198651,1420,1197231
72,15.2669,2867039,1198651,1425,1197226
72,16.6438,2866027,1198651,1420,1197231
72,15.2668,2868038,1198651,1422,1197229
72,15.195,2865462,1198651,1430,1197221
72,15.25,2865862,1198651,1421,1197230
72,15.2926,2870230,1198651,1426,1197225
72,15.1942,2865773,1198651,1428,1197223
72,15.3114,2872491,1198651,1420,1197231
72,15.2042,2867295,1198651,1418,1197233
73,16.511,2872827,1198670,1406,1197264
73,15.2063,2867843,1198670,1405,1197265
73,15.2057,2867604,1198670,1406,1197264
73,15.1996,2866408,1198670,1404,1197266
73,16.7953,2879818,1198670,1408,1197262
73,15.2061,2867735,1198670,1406,1197264
73,15.2036,2867597,1198670,1409,1197261
73,15.2058,2868642,1198670,1401,1197269
73,16.2832,3057245,1198670,1401,1197269
73,15.204,2867728,1198670,1405,1197265
74,15.1931,2865402,1198688,1388,1197300
74,22.1467,2867448,1198688,1387,1197301
74,15.1881,2864112,1198688,1382,1197306
74,15.1935,2865166,1198688,1392,1197296
74,15.1864,2864648,1198688,1381,1197307
74,15.2956,2868334,1198688,1388,1197300
74,15.5474,2932010,1198688,1385,1197303
74,15.1864,2863922,1198688,1382,1197306
74,15.1844,2863823,1198688,1380,1197308
74,15.1956,2865898,1198688,1390,1197298
75,15.1986,2866421,1198706,1367,1197339
75,15.4881,2922405,1198706,1374,1197332
75,16.93,2866939,1198706,1366,1197340
75,15.1935,2865467,1198706,1368,1197338
75,15.195,2865313,1198706,1364,1197342
75,15.301,2873149,1198706,1364,1197342
75,15.1994,2866918,1198706,1373,1197333
75,15.2076,2868302,1198706,1371,1197335
75,15.2563,2866694,1198706,1372,1197334
75,15.2,2866336,1198706,1367,1197339
76,15.1841,2863449,1198724,1348,1197376
76,15.2925,2870447,1198724,1350,1197374
76,15.7912,2948255,1198724,1361,1197363
76,17.8426,2864998,1198724,1347,1197377
76,15.1807,2863873,1198724,1347,1197377
76,15.746,2866349,1198724,1350,1197374
76,15.1821,2863773,1198724,1354,1197370
76,15.2868,2865116,1198724,1350,1197374
76,15.7917,2978963,1198724,1360,1197364
76,15.1979,2867309,1198724,1355,1197369
77,15.1787,2863954,1198741,1332,1197409
77,15.2529,2864251,1198741,1338,1197403
77,15.2104,2869371,1198741,1334,1197407
77,15.9587,2918534,1198741,1337,1197404
77,15.1803,2864856,1198741,1334,1197407
77,15.3314,2870154,1198741,1343,1197398
77,15.4211,2909402,1198741,1337,1197404
77,17.9172,2925126,1198741,1407,1197334
77,15.1836,2863638,1198741,1334,1197407
77,15.1907,2865222,1198741,1336,1197405
78,15.2588,2879609,1198757,1314,1197443
78,15.1811,2863285,1198757,1316,1197441
78,15.1781,2862352,1198757,1317,1197440
78,15.1693,2860811,1198757,1315,1197442
78,15.3876,2903941,1198757,1364,1197393
78,15.1753,2861691,1198757,1315,1197442
78,15.181,2863001,1198757,1307,1197450
78,15.1727,2862475,1198757,1310,1197447
78,19.1375,3071364,1198757,1319,1197438
78,15.1831,2864268,1198757,1322,1197435
79,24.1846,2969613,1198774,1309,1197465
79,15.1783,2863339,1198774,1297,1197477
79,15.1662,2860722,1198774,1294,1197480
79,15.1776,2862597,1198774,1298,1197476
79,15.2919,2870392,1198774,1306,1197468
79,15.1773,2862963,1198774,1298,1197476
79,15.1791,2863363,1198774,1301,1197473
79,17.6386,2871551,1198774,1309,1197465
79,18.5842,3515705,1198774,1316,1197458
79,26.4833,3075244,1198774,1324,1197450
80,15.1645,2861420,1198790,1280,1197510
80,16.2973,2980619,1198790,1343,1197447
80,15.1664,2863141,1198790,1280,1197510
80,21.2791,3181143,1198790,1300,1197490
80,16.631,3138120,1198790,1293,1197497
80,15.1672,2861439,1198790,1279,1197511
80,15.5854,2944330,1198790,1312,1197478
80,15.1643,2860116,1198790,1279,1197511
80,15.5084,2926057,1198790,1285,1197505
80,15.1654,2860096,1198790,1281,1197509
81,15.1654,2861029,1198805,1269,1197536
81,15.1739,2862502,1198805,1269,1197536
81,15.3173,2871753,1198805,1279,1197526
81,15.1659,2861939,1198805,1272,1197533
81,15.1692,2861488,1198805,1271,1197534
81,15.1654,2859970,1198805,1264,1197541
81,15.6843,2950334,1198805,1274,1197531
81,15.7746,2954679,1198805,1346,1197459
81,15.1662,2860305,1198805,1261,1197544
81,15.1669,2860270,1198805,1273,1197532
82,15.1544,2857898,1198820,1257,1197563
82,15.3335,2870850,1198820,1257,1197563
82,15.3385,2893251,1198820,1260,1197560
82,15.1578,2859579,1198820,1253,1197567
82,15.1591,2859182,1198820,1256,1197564
82,15.1632,2859400,1198820,1261,1197559
82,15.1572,2860090,1198820,1247,1197573
82,15.1639,2862082,1198820,1253,1197567
82,15.6498,2951746,1198820,1257,1197563
82,15.1597,2860562,1198820,1253,1197567
83,15.1603,2859080,1198835,1243,1197592
83,15.2791,2867849,1198835,1239,1197596
83,15.1546,2858832,1198835,1233,1197602
83,15.1681,2860531,1198835,1240,1197595
83,15.1677,2860339,1198835,1238,1197597
83,20.8212,3935749,1198835,1256,1197579
83,15.1725,2862087,1198835,1240,1197595
83,15.1673,2860385,1198835,1236,1197599
83,18.112,3019617,1198835,1274,1197561
83,15.2421,2861716,1198835,1242,1197593
84,15.1481,2856960,1198849,1227,1197622
84,23.4381,4422526,1198849,1238,1197611
84,15.4935,2910402,1198849,1238,1197611
84,15.1615,2859492,1198849,1226,1197623
84,15.158,2858422,1198849,1222,1197627
84,15.1591,2859790,1198849,1225,1197624
84,15.3422,2871980,1198849,1223,1197626
84,15.1538,2858089,1198849,1225,1197624
84,16.067,2920321,1198849,1287,1197562
84,16.0639,2863036,1198849,1229,1197620
85,15.1522,2857986,1198863,1214,1197649
85,15.275,2865588,1198863,1215,1197648
85,15.1548,2858704,1198863,1210,1197653
85,15.4241,2895192,1198863,1216,1197647
85,15.1455,2856443,1198863,1207,1197656
85,15.1543,2857911,1198863,1215,1197648
85,15.1561,2858588,1198863,1214,1197649
85,15.178,2864733,1198863,1212,1197651
85,15.1459,2856671,1198863,1210,1197653
85,18.2776,3453148,1198863,1220,1197643
86,16.2845,3073796,1198877,1212,1197665
86,15.1432,2856738,1198877,1201,1197676
86,15.1448,2856347,1198877,1197,1197680
86,15.3501,2895893,1198877,1210,1197667
86,15.8992,2999840,1198877,1199,1197678
86,15.2222,2856576,1198877,1198,1197679
86,15.1429,2856636,1198877,1197,1197680
86,15.1509,2857728,1198877,1194,1197683
86,15.4026,2906337,1198877,1199,1197678
86,15.2571,2863772,1198877,1201,1197676
87,15.146,2857465,1198890,1182,1197708
87,15.389,2903579,1198890,1192,1197698
87,17.6701,3316068,1198890,1407,1197483
87,15.1526,2858560,1198890,1186,1197704
87,15.1515,2857515,1198890,1184,1197706
87,15.1502,2858694,1198890,1180,1197710
87,15.2588,2878061,1198890,1188,1197702
87,15.1497,2857645,1198890,1186,1197704
87,15.1441,2855838,1198890,1183,1197707
87,15.367,2898693,1198890,1190,1197700
88,15.1394,2855800,1198903,1176,1197727
88,15.6971,2858692,1198903,1176,1197727
88,15.1362,2855753,1198903,1177,1197726
88,15.142,2855837,1198903,1175,1197728
88,15.3547,2896019,1198903,1215,1197688
88,15.1343,2854420,1198903,1171,1197732
88,15.1388,2854879,1198903,1172,1197731
88,15.1349,2854055,1198903,1172,1197731
88,15.1415,2855591,1198903,1163,1197740
88,15.1428,2855579,1198903,1172,1197731
89,22.278,3877787,1198916,1172,1197744
89,15.1483,2856993,1198916,1166,1197750
89,15.1468,2857332,1198916,1155,1197761
89,15.1467,2856467,1198916,1160,1197756
89,19.3736,3658280,1198916,1185,1197731
89,15.2436,2861850,1198916,1162,1197754
89,15.1477,2858561,1198916,1161,1197755
89,22.465,2857799,1198916,1159,1197757
89,15.1473,2856676,1198916,1157,1197759
89,15.1468,2856508,1198916,1155,1197761
90,15.1376,2854923,1198928,1142,1197786
90,16.0742,2873906,1198928,1156,1197772
90,15.1338,2854124,1198928,1143,1197785
90,15.139,2854907,1198928,1148,1197780
90,15.1382,2855143,1198928,1146,1197782
90,15.1348,2854261,1198928,1141,1197787
90,15.1341,2854078,1198928,1147,1197781
90,15.2051,2855610,1198928,1151,1197777
90,15.6233,2931769,1198928,1232,1197696
90,15.1322,2853819,1198928,1146,1197782
91,15.1382,2855185,1198941,1130,1197811
91,15.135,2854225,1198941,1132,1197809
91,15.2255,2871697,1198941,1136,1197805
91,15.2522,2859492,1198941,1134,1197807
91,15.1397,2855082,1198941,1137,1197804
91,15.6773,2940790,1198941,1138,1197803
91,15.1339,2854675,1198941,1131,1197810
91,15.2964,2863112,1198941,1133,1197808
91,16.0171,2907765,1198941,1145,1197796
91,15.1404,2855199,1198941,1140,1197801
92,15.1301,2854030,1198953,1126,1197827
92,16.1609,3050910,1198953,1123,1197830
92,15.1309,2853812,1198953,1129,1197824
92,15.5898,2854353,1198953,1120,1197833
92,15.1283,2852981,1198953,1117,1197836
92,15.3973,2903977,1198953,1114,1197839
92,16.7345,2855587,1198953,1124,1197829
92,15.1294,2853271,1198953,1119,1197834
92,15.2584,2858924,1198953,1128,1197825
92,24.0964,2857335,1198953,1129,1197824
93,15.1316,2853555,1198964,1117,1197847
93,15.3482,2881859,1198964,1119,1197845
93,15.1341,2856281,1198964,1114,1197850
93,17.3902,2854988,1198964,1115,1197849
93,23.204,4379838,1198964,1134,1197830
93,23.6608,3605893,1198964,1113,1197851
93,15.1635,2861736,1198964,1107,1197857
93,15.1368,2856355,1198964,1108,1197856
93,27.42,2899086,1198964,1121,1197843
93,15.135,2855807,1198964,1109,1197855
94,16.2336,3065791,1198976,1106,1197870
94,17.595,2867180,1198976,1096,1197880
94,15.1279,2853822,1198976,1100,1197876
94,16.1489,3050021,1198976,1097,1197879
94,15.2542,2859404,1198976,1100,1197876
94,16.0185,2918858,1198976,1096,1197880
94,17.7576,2862572,1198976,1095,1197881
94,15.1214,2851834,1198976,1096,1197880
94,15.1195,2851549,1198976,1092,1197884
94,15.7826,2959510,1198976,1104,1197872
95,16.4082,2855225,1198987,1091,1197896
95,19.3246,3674447,1198987,1106,1197881
95,15.1423,2855940,1198987,1089,1197898
95,15.1281,2852900,1198987,1086,1197901
95,15.5389,2852626,1198987,1091,1197896
95,17.7025,2862950,1198987,1088,1197899
95,15.1148,2850694,1198987,1089,1197898
95,15.1277,2852910,1198987,1091,1197896
95,15.1305,2853871,1198987,1090,1197897
95,15.5723,2894697,1198987,1152,1197835
96,15.1239,2852167,1198998,1077,1197921
96,21.4557,4078979,1198998,1109,1197889
96,15.1955,2852641,1198998,1075,1197923
96,15.1195,2852461,1198998,1077,1197921
96,15.9459,3008748,1198998,1080,1197918
96,15.1623,2852845,1198998,1073,1197925
96,15.1201,2853844,1198998,1073,1197925
96,15.3784,2901579,1198998,1080,1197918
96,15.1243,2852253,1198998,1077,1197921
96,15.1187,2851951,1198998,1074,1197924
97,15.4605,2916815,1199009,1074,1197935
97,23.6885,4444604,1199009,1093,1197916
97,24.4917,4619456,1199009,1093,1197916
97,15.772,2960034,1199009,1071,1197938
97,15.1251,2855584,1199009,1068,1197941
97,15.1198,2851922,1199009,1061,1197948
97,15.119,2851585,1199009,1068,1197941
97,15.2736,2881023,1199009,1073,1197936
97,15.302,2861768,1199009,1065,1197944
97,15.1216,2852007,1199009,1065,1197944
98,17.0218,3212191,1199019,1313,1197706
98,15.1138,2850398,1199019,1052,1197967
98,15.6509,2918404,1199019,1060,1197959
98,15.1163,2850597,1199019,1060,1197959
98,15.5287,2912081,1199019,1067,1197952
98,15.119,2851832,1199019,1051,1197968
98,15.1151,2850878,1199019,1056,1197963
98,16.9506,3200952,1199019,1255,1197764
98,17.5856,2883133,1199019,1051,1197968
98,15.8579,2876586,1199019,1065,1197954
99,22.0031,3910378,1199029,1064,1197965
99,16.5758,2851910,1199029,1041,1197988
99,17.2829,2877125,1199029,1049,1197980
99,24.7769,4095396,1199029,1066,1197963
99,17.7202,2850653,1199029,1052,1197977
99,17.1348,2851142,1199029,1042,1197987
99,17.1288,2850600,1199029,1048,1197981
99,19.7802,2865056,1199029,1061,1197968
99,17.4316,2852772,1199029,1052,1197977
99,19.9511,3063394,1199029,1163,1197866
100,16.0456,2848110,1199040,1032,1198008
100,16.0455,2848207,1199040,1036,1198004
100,16.1318,2851813,1199040,1030,1198010
100,15.5647,2849433,1199040,1030,1198010
100,16.9438,3029476,1199040,1039,1198001
100,15.5597,2850216,1199040,1037,1198003
100,15.696,2853528,1199040,1035,1198005
100,15.7043,2855540,1199040,1034,1198006
100,15.7194,2877541,1199040,1035,1198005
100,15.1073,2849312,1199040,1039,1198001
