3,12.6272,2370428,1066706,34,1066672
3,16.0821,3059415,1066706,49,1066657
3,12.6406,2370838,1066706,38,1066668
3,20.5768,3884756,1066706,39,1066667
3,12.882,2431196,1066706,31,1066675
3,13.125,2373701,1066706,40,1066666
3,12.7017,2377329,1066706,41,1066665
3,13.9764,2371203,1066706,34,1066672
3,12.562,2369452,1066706,29,1066677
3,12.5641,2371400,1066706,41,1066665
4,13.6006,2567880,1075040,501,1074539
4,13.137,2477761,1075040,32,1075008
4,13.1378,2477892,1075040,31,1075009
4,13.1375,2477891,1075040,34,1075006
4,13.1374,2477637,1075040,33,1075007
4,17.3146,2479368,1075040,39,1075001
4,13.1372,2480012,1075040,29,1075011
4,13.1374,2477939,1075040,31,1075009
4,13.1379,2477936,1075040,37,1075003
4,13.1369,2477860,1075040,33,1075007
5,13.2831,2505544,1080040,34,1080006
5,13.284,2505456,1080040,30,1080010
5,13.2836,2505539,1080040,34,1080006
5,13.2836,2505108,1080040,32,1080008
5,13.4847,2525359,1080040,41,1079999
5,13.2851,2505588,1080040,32,1080008
5,13.2836,2505310,1080040,34,1080006
5,15.2552,2619898,1080040,50,1079990
5,13.2842,2505668,1080040,36,1080004
5,14.0494,2665488,1080040,47,1079993
6,16.5811,2546222,1083373,36,1083337
6,13.4938,2545294,1083373,28,1083345
6,13.5049,2549368,1083373,34,1083339
6,20.0854,2549159,1083373,43,1083330
6,13.4779,2542220,1083373,38,1083335
6,13.4951,2545316,1083373,35,1083338
6,13.5301,2548202,1083373,45,1083328
6,15.8507,2990839,1083373,82,1083291
6,14.7866,2791523,1083373,54,1083319
6,13.9356,2553759,1083373,30,1083343
7,15.3914,2820296,1085754,1479,1084275
7,14.3422,2598935,1085754,40,1085714
7,14.1482,2591442,1085754,45,1085709
7,14.3959,2556570,1085754,36,1085718
7,16.3399,2903378,1085754,60,1085694
7,15.7877,2802970,1085754,52,1085702
7,18.8028,3459125,1085754,3989,1081765
7,14.5159,2579888,1085754,51,1085703
7,14.9666,2656945,1085754,39,1085715
7,14.398,2559476,1085754,33,1085721
8,14.4283,2561790,1087540,36,1087504
8,15.119,2666616,1087540,712,1086828
8,14.6873,2607607,1087540,37,1087503
8,14.5298,2580720,1087540,41,1087499
8,14.4277,2561834,1087540,37,1087503
8,14.4281,2562001,1087540,38,1087502
8,13.9902,2561624,1087540,36,1087504
8,13.991,2562499,1087540,37,1087503
8,14.0044,2564349,1087540,39,1087501
8,17.9509,2612628,1087540,52,1087488
9,14.7426,2618379,1088928,43,1088885
9,13.9305,2550476,1088928,34,1088894
9,14.0549,2572766,1088928,39,1088889
9,14.0532,2572433,1088928,40,1088888
9,13.7555,2594618,1088928,32,1088896
9,14.3678,2551424,1088928,39,1088889
9,14.6169,2594556,1088928,34,1088894
9,14.4915,2572935,1088928,38,1088890
9,17.8043,3160896,1088928,7963,1080965
9,13.9432,2553201,1088928,32,1088896
10,14.4528,2629977,1090040,46,1089994
10,14.0488,2573994,1090040,32,1090008
10,14.4695,2570190,1090040,37,1090003
10,15.003,2665740,1090040,42,1089998
10,15.2982,2634388,1090040,45,1089995
10,21.9518,3718660,1090040,66,1089974
10,14.9346,2568036,1090040,34,1090006
10,14.9342,2568358,1090040,29,1090011
10,14.9349,2568055,1090040,35,1090005
10,14.4681,2568365,1090040,35,1090005
11,14.664,2592535,1090949,40,1090909
11,14.1588,2591812,1090949,39,1090910
11,22.2675,2692924,1090949,560,1090389
11,14.2796,2600407,1090949,33,1090916
11,14.1579,2591445,1090949,35,1090914
11,14.267,2598256,1090949,38,1090911
11,14.1589,2592540,1090949,35,1090914
11,22.8704,3937914,1090949,92,1090857
11,26.9523,4340235,1090949,57,1090892
11,16.7109,2597968,1090949,38,1090911
12,36.0785,5178525,1091706,12071,1079635
12,20.9617,3025116,1091706,8521,1083185
12,23.0999,3207025,1091706,8819,1082887
12,21.6104,2997806,1091706,8386,1083320
12,34.5266,4789503,1091706,12032,1079674
12,22.0926,3064587,1091706,8526,1083180
12,23.3614,3100787,1091706,8303,1083403
12,37.1788,4952205,1091706,12074,1079632
12,22.9517,3061205,1091706,8480,1083226
12,28.4944,3796485,1091706,9976,1081730
13,24.2675,3144325,1092347,7748,1084599
13,34.1533,4361796,1092347,7788,1084559
13,23.6167,3013825,1092347,7718,1084629
13,22.8796,3025069,1092347,7721,1084626
13,22.6539,3016184,1092347,7728,1084619
13,21.0592,3022361,1092347,7719,1084628
13,27.2888,4062003,1092347,7749,1084598
13,20.1078,3012527,1092347,7729,1084618
13,20.1163,3013305,1092347,7725,1084622
13,19.4346,3019301,1092347,7726,1084621
14,19.382,2995975,1092897,7179,1085718
14,18.5403,2982336,1092897,7170,1085727
14,17.9431,2987033,1092897,7173,1085724
14,17.8558,2971473,1092897,7168,1085729
14,17.4131,2995487,1092897,7176,1085721
14,17.3324,2980226,1092897,7178,1085719
14,17.2853,2972222,1092897,7176,1085721
14,16.7474,2972476,1092897,7173,1085724
14,16.7109,2965828,1092897,7170,1085727
14,18.8604,3330153,1092897,7207,1085690
15,16.7034,2963011,1093373,6700,1086673
15,15.6803,2870202,1093373,6698,1086675
15,15.954,2920102,1093373,6694,1086679
15,16.6054,3010127,1093373,6701,1086672
15,16.6429,3046988,1093373,6711,1086662
15,15.8361,2986545,1093373,6696,1086677
15,15.6581,2952881,1093373,6696,1086677
15,16.2923,3073701,1093373,6707,1086666
15,16.0206,2935681,1093373,6708,1086665
15,18.1405,3322339,1093373,6740,1086633
16,15.9419,2918310,1093790,6284,1087506
16,15.7529,2972472,1093790,6287,1087503
16,15.5085,2924685,1093790,6277,1087513
16,15.4626,2917534,1093790,6284,1087506
16,15.4686,2917170,1093790,6285,1087505
16,15.4705,2917409,1093790,6281,1087509
16,15.5126,2926609,1093790,6281,1087509
16,16.4682,2926747,1093790,6282,1087508
16,16.4358,2918248,1093790,6281,1087509
16,16.5467,2940521,1093790,6280,1087510
17,16.8158,2892115,1094157,5915,1088242
17,17.94,3186208,1094157,5944,1088213
17,16.2887,2891592,1094157,5919,1088238
17,15.9245,2902062,1094157,5918,1088239
17,15.8004,2891899,1094157,5918,1088239
17,15.8427,2900164,1094157,5911,1088246
17,15.7303,2966718,1094157,5921,1088236
17,15.4651,2894569,1094157,5917,1088240
17,15.4095,2896223,1094157,5916,1088241
17,15.3336,2891509,1094157,5918,1088239
18,26.3624,4680990,1094484,5593,1088891
18,28.4644,4583787,1094484,5603,1088881
18,24.0148,3702676,1094484,5600,1088884
18,31.629,4740785,1094484,5601,1088883
18,19.948,2878943,1094484,5590,1088894
18,31.1566,4306640,1094484,5591,1088893
18,33.5758,4641022,1094484,5625,1088859
18,34.936,4824892,1094484,5588,1088896
18,20.7765,2881343,1094484,5586,1088898
18,20.7599,2879063,1094484,5587,1088897
19,20.3289,2819430,1094776,5298,1089478
19,20.4181,2831586,1094776,5294,1089482
19,29.4255,3131265,1094776,5300,1089476
19,19.5434,2818742,1094776,5294,1089482
19,19.9433,2819832,1094776,5306,1089470
19,19.8369,2861582,1094776,5303,1089473
19,19.5723,2823317,1094776,5292,1089484
19,21.8466,2822661,1094776,5292,1089484
19,18.8505,2823455,1094776,5293,1089483
19,17.522,2818590,1094776,5295,1089481
20,17.0773,2841547,1095040,5033,1090007
20,16.5315,2842400,1095040,5037,1090003
20,16.5279,2841995,1095040,5031,1090009
20,16.0143,2842725,1095040,5032,1090008
20,17.3435,2855649,1095040,5030,1090010
20,15.5256,2841723,1095040,5030,1090010
20,15.5398,2844356,1095040,5034,1090006
20,15.5296,2842627,1095040,5035,1090005
20,15.5459,2845404,1095040,5031,1090009
20,15.7146,2849938,1095040,5036,1090004
21,15.1472,2842950,1095278,4788,1090490
21,15.044,2837644,1095278,4795,1090483
21,15.0563,2839561,1095278,4795,1090483
21,15.1227,2841693,1095278,4794,1090484
21,15.0577,2839854,1095278,4794,1090484
21,17.0713,3202215,1095278,4818,1090460
21,15.0702,2842111,1095278,4793,1090485
21,15.0444,2837422,1095278,4790,1090488
21,15.0667,2841564,1095278,4789,1090489
21,15.0494,2838210,1095278,4798,1090480
22,14.9256,2814713,1095494,4573,1090921
22,14.8564,2802011,1095494,4575,1090919
22,14.92,2813681,1095494,4575,1090919
22,14.8114,2792982,1095494,4578,1090916
22,14.9639,2807727,1095494,4583,1090911
22,18.9786,3596145,1095494,4587,1090907
22,14.8271,2796273,1095494,4579,1090915
22,14.827,2796290,1095494,4584,1090910
22,14.9926,2814140,1095494,4581,1090913
22,14.8566,2801751,1095494,4580,1090914
23,14.8632,2802958,1095692,4376,1091316
23,18.6248,2790138,1095692,4378,1091314
23,14.7313,2778152,1095692,4384,1091308
23,15.8397,2782046,1095692,4381,1091311
23,16.0689,3033543,1095692,4408,1091284
23,20.3226,2931172,1095692,4394,1091298
23,14.6151,2748544,1095692,4386,1091306
23,14.7502,2781659,1095692,4376,1091316
23,14.7433,2780434,1095692,4386,1091306
23,14.73,2779069,1095692,4380,1091312
24,14.7599,2783856,1095873,4199,1091674
24,15.3837,2803929,1095873,4207,1091666
24,21.2728,4036673,1095873,4217,1091656
24,14.7604,2783696,1095873,4201,1091672
24,14.7747,2786276,1095873,4198,1091675
24,14.7589,2783522,1095873,4203,1091670
24,14.8337,2787794,1095873,4200,1091673
24,14.7737,2786056,1095873,4199,1091674
24,14.7641,2784405,1095873,4205,1091668
24,14.7628,2784446,1095873,4203,1091670
25,15.8728,2994604,1096040,4040,1092000
25,14.7981,2790885,1096040,4025,1092015
25,14.7996,2793285,1096040,4035,1092005
25,14.7889,2789045,1096040,4036,1092004
25,14.8101,2792963,1096040,4033,1092007
25,16.1329,2793438,1096040,4032,1092008
25,14.7996,2791048,1096040,4033,1092007
25,14.7979,2790823,1096040,4033,1092007
25,14.795,2790127,1096040,4031,1092009
25,14.7905,2789292,1096040,4034,1092006
26,14.6336,2759912,1096193,3879,1092314
26,14.6327,2759858,1096193,3877,1092316
26,15.2007,2764498,1096193,3880,1092313
26,14.6325,2759420,1096193,3882,1092311
26,14.6387,2760445,1096193,3875,1092318
26,14.6337,2759864,1096193,3874,1092319
26,14.6379,2760767,1096193,3875,1092318
26,14.6368,2760469,1096193,3879,1092314
26,14.6363,2760521,1096193,3876,1092317
26,15.6998,2865665,1096193,3876,1092317
27,20.1434,3821024,1096336,3754,1092582
27,14.3517,2707816,1096336,3732,1092604
27,14.6103,2756107,1096336,3738,1092598
27,14.3516,2708126,1096336,3738,1092598
27,14.3495,2707241,1096336,3733,1092603
27,16.0507,3032754,1096336,3741,1092595
27,14.6491,2745547,1096336,3739,1092597
27,14.3983,2715810,1096336,3732,1092604
27,20.2109,3845867,1096336,3752,1092584
27,24.6767,4202211,1096336,3779,1092557
28,22.995,4342765,1096468,3616,1092852
28,24.8416,4372673,1096468,3626,1092842
28,23.374,3891999,1096468,3622,1092846
28,17.0222,2738899,1096468,3594,1092874
28,17.7073,2752369,1096468,3609,1092859
28,30.6192,4573077,1096468,3616,1092852
28,18.8942,2740738,1096468,3602,1092866
28,18.2782,2737689,1096468,3600,1092868
28,18.2712,2737431,1096468,3601,1092867
28,18.2751,2737434,1096468,3601,1092867
29,18.2308,2731051,1096591,3485,1093106
29,29.8555,4397857,1096591,3493,1093098
29,32.8359,4736576,1096591,3493,1093098
29,18.9423,2732657,1096591,3477,1093114
29,19.4282,2803719,1096591,3499,1093092
29,29.5963,4272587,1096591,3506,1093085
29,34.9584,4816776,1096591,3484,1093107
29,20.5978,2744298,1096591,3473,1093118
29,20.5614,2737585,1096591,3466,1093125
29,20.1389,2793704,1096591,3480,1093111
30,18.8193,2714212,1096706,3363,1093343
30,18.3651,2726197,1096706,3377,1093329
30,17.9098,2782111,1096706,3368,1093338
30,18.0404,2717183,1096706,3369,1093337
30,16.881,2715648,1096706,3372,1093334
30,17.4466,2904446,1096706,3381,1093325
30,16.31,2714195,1096706,3365,1093341
30,15.7974,2716351,1096706,3366,1093340
30,16.3453,2721679,1096706,3370,1093336
30,34.507,4531896,1096706,3375,1093331
31,17.0379,2546227,1096814,3260,1093554
31,18.1497,2732815,1096814,3258,1093556
31,18.1036,2811809,1096814,3258,1093556
31,16.385,2637326,1096814,3268,1093546
31,16.959,2729106,1096814,3259,1093555
31,33.4323,4781086,1096814,3272,1093542
31,18.1349,2718209,1096814,3263,1093551
31,20.0383,3003213,1096814,3270,1093544
31,17.8844,2680410,1096814,3262,1093552
31,17.3753,2603674,1096814,3257,1093557
32,18.7839,2814392,1096915,3157,1093758
32,17.6899,2747376,1096915,3163,1093752
32,16.9994,2627041,1096915,3159,1093756
32,17.083,2747892,1096915,3156,1093759
32,17.104,2845822,1096915,3160,1093755
32,20.8391,3499334,1096915,3177,1093738
32,16.9589,2821924,1096915,3163,1093752
32,23.1818,3234761,1096915,3169,1093746
32,17.443,2711714,1096915,3161,1093754
32,31.6759,4616259,1096915,3189,1093726
33,72.0352,4141812,1097009,3119,1093890
33,19.4182,2694445,1097009,3063,1093946
33,31.4061,4358501,1097009,3076,1093933
33,20.1719,2686484,1097009,3065,1093944
33,28.6281,2738594,1097009,3077,1093932
33,20.5331,2850499,1097009,3068,1093941
33,31.2911,4324168,1097009,3080,1093929
33,19.3589,2686084,1097009,3056,1093953
33,21.529,2699352,1097009,3064,1093945
33,19.3564,2684617,1097009,3067,1093942
34,19.482,2681378,1097098,2978,1094120
34,19.289,2675485,1097098,2975,1094123
34,19.6715,2749608,1097098,2984,1094114
34,20.0331,2890501,1097098,3005,1094093
34,17.8475,2673413,1097098,2975,1094123
34,17.3354,2676292,1097098,2979,1094119
34,17.2149,2674258,1097098,2974,1094124
34,16.6228,2674421,1097098,2981,1094117
34,16.068,2674493,1097098,2975,1094123
34,17.9652,2687716,1097098,2982,1094116
35,16.0034,2663158,1097182,2886,1094296
35,15.4895,2663505,1097182,2895,1094287
35,17.863,2665512,1097182,2889,1094293
35,15.005,2663952,1097182,2893,1094289
35,17.7839,2668510,1097182,2897,1094285
35,14.5517,2664020,1097182,2891,1094291
35,14.5476,2663077,1097182,2891,1094291
35,14.1263,2664091,1097182,2895,1094287
35,14.2169,2664309,1097182,2887,1094295
35,20.2174,3786179,1097182,2899,1094283
36,14.0672,2652945,1097262,2809,1094453
36,15.4572,2653435,1097262,2812,1094450
36,14.069,2653923,1097262,2810,1094452
36,14.3845,2713355,1097262,2823,1094439
36,14.1634,2656942,1097262,2810,1094452
36,14.0764,2654959,1097262,2811,1094451
36,14.1174,2662593,1097262,2822,1094440
36,14.0739,2654671,1097262,2812,1094450
36,14.7349,2760108,1097262,2840,1094422
36,14.0759,2654757,1097262,2811,1094451
37,14.5,2735857,1097337,2738,1094599
37,14.1335,2665677,1097337,2737,1094600
37,14.1262,2664326,1097337,2740,1094597
37,22.7996,4268638,1097337,2750,1094587
37,14.1624,2672986,1097337,2739,1094598
37,16.2947,2672011,1097337,2735,1094602
37,23.1031,4119548,1097337,2797,1094540
37,30.6141,4041684,1097337,2770,1094567
37,16.5724,2665995,1097337,2735,1094602
37,16.6907,2686197,1097337,2743,1094594
38,17.0968,2655616,1097408,2663,1094745
38,17.1007,2656843,1097408,2671,1094737
38,17.0971,2655855,1097408,2667,1094741
38,17.1719,2657020,1097408,2662,1094746
38,17.7173,2666564,1097408,2670,1094738
38,27.9628,4346999,1097408,2691,1094717
38,17.5925,2735958,1097408,2688,1094720
38,17.1013,2656269,1097408,2659,1094749
38,16.506,2656783,1097408,2665,1094743
38,16.5103,2656679,1097408,2665,1094743
39,15.9032,2647060,1097475,2602,1094873
39,15.9013,2646447,1097475,2602,1094873
39,15.9084,2647577,1097475,2590,1094885
39,15.1865,2611678,1097475,2592,1094883
39,15.1885,2611942,1097475,2598,1094877
39,15.0236,2650986,1097475,2604,1094871
39,14.7172,2612737,1097475,2595,1094880
39,14.6944,2673950,1097475,2599,1094876
39,24.388,4167895,1097475,2619,1094856
39,22.159,3677018,1097475,2614,1094861
40,24.1878,3866956,1097540,2542,1094998
40,20.8306,2989761,1097540,2554,1094986
40,22.087,3442278,1097540,2545,1094995
40,18.3297,2623236,1097540,2534,1095006
40,16.9384,2727083,1097540,2542,1094998
40,16.3279,2627984,1097540,2533,1095007
40,15.8601,2639425,1097540,2535,1095005
40,15.656,2605559,1097540,2526,1095014
40,15.4561,2637844,1097540,2537,1095003
40,15.3774,2634337,1097540,2533,1095007
41,15.8451,2652478,1097600,2478,1095122
41,14.9342,2650926,1097600,2473,1095127
41,14.9309,2650973,1097600,2471,1095129
41,14.9338,2651099,1097600,2467,1095133
41,18.3778,3266169,1097600,2475,1095125
41,15.057,2673143,1097600,2474,1095126
41,15.7895,2652819,1097600,2471,1095129
41,14.6062,2652144,1097600,2478,1095122
41,14.4812,2650750,1097600,2473,1095127
41,14.6128,2659060,1097600,2474,1095126
42,14.3104,2699852,1097659,2412,1095247
42,14.0135,2642877,1097659,2414,1095245
42,17.5544,2655399,1097659,2432,1095227
42,14.8965,2665306,1097659,2414,1095245
42,15.6184,2776055,1097659,2423,1095236
42,19.373,3338633,1097659,2437,1095222
42,15.9342,2655198,1097659,2414,1095245
42,23.5497,3927593,1097659,2434,1095225
42,25.1901,2842937,1097659,2418,1095241
42,16.427,2647330,1097659,2415,1095244
43,17.1699,2649936,1097714,2363,1095351
43,19.374,2658776,1097714,2385,1095329
43,16.9308,2611946,1097714,2358,1095356
43,26.0475,2616192,1097714,2364,1095350
43,15.6637,2606820,1097714,2357,1095357
43,15.7572,2608493,1097714,2358,1095356
43,15.2779,2614930,1097714,2363,1095351
43,18.7847,2620035,1097714,2366,1095348
43,14.6858,2607120,1097714,2353,1095361
43,20.7599,3635871,1097714,2372,1095342
44,14.6506,2600492,1097767,2300,1095467
44,14.659,2602374,1097767,2302,1095465
44,14.2134,2602425,1097767,2302,1095465
44,15.3895,2603272,1097767,2305,1095462
44,14.2733,2602789,1097767,2306,1095461
44,13.9497,2633347,1097767,2313,1095454
44,14.3575,2605858,1097767,2310,1095457
44,24.1726,2968469,1097767,2338,1095429
44,14.2646,2603618,1097767,2312,1095455
44,14.3235,2603430,1097767,2306,1095461
45,16.56,2612698,1097817,2261,1095556
45,16.3702,2611678,1097817,2260,1095557
45,13.7968,2602199,1097817,2257,1095560
45,14.0265,2646601,1097817,2262,1095555
45,13.9183,2609033,1097817,2257,1095560
45,18.282,2617289,1097817,2265,1095552
45,13.8711,2602322,1097817,2256,1095561
45,16.3266,2612366,1097817,2256,1095561
45,13.7954,2601983,1097817,2252,1095565
45,13.797,2602214,1097817,2254,1095563
46,13.7715,2597362,1097866,2206,1095660
46,14.9152,2602295,1097866,2206,1095660
46,14.9499,2598579,1097866,2207,1095659
46,13.7731,2598711,1097866,2206,1095660
46,18.0918,2598861,1097866,2202,1095664
46,17.3919,2613898,1097866,2221,1095645
46,13.7719,2597402,1097866,2204,1095662
46,13.8005,2603754,1097866,2216,1095650
46,13.7737,2597848,1097866,2206,1095660
46,13.7723,2597306,1097866,2206,1095660
47,13.6787,2580042,1097912,2167,1095745
47,13.7288,2589234,1097912,2160,1095752
47,13.8727,2616982,1097912,2164,1095748
47,16.2818,2604563,1097912,2167,1095745
47,13.9034,2622278,1097912,2156,1095756
47,13.8972,2621327,1097912,2161,1095751
47,13.9504,2631345,1097912,2159,1095753
47,13.82,2606883,1097912,2156,1095756
47,13.8458,2597145,1097912,2162,1095750
47,13.8966,2620752,1097912,2156,1095756
48,13.7318,2591949,1097956,2128,1095828
48,13.7989,2586950,1097956,2119,1095837
48,13.586,2562486,1097956,2114,1095842
48,16.8115,3178274,1097956,2117,1095839
48,13.5829,2561667,1097956,2118,1095838
48,13.6701,2578256,1097956,2117,1095839
48,13.7243,2588833,1097956,2113,1095843
48,15.6409,2575793,1097956,2118,1095838
48,13.7284,2590108,1097956,2117,1095839
48,13.6232,2572369,1097956,2121,1095835
49,13.7352,2590806,1097999,2070,1095929
49,13.7351,2590460,1097999,2077,1095922
49,13.7358,2590902,1097999,2072,1095927
49,18.5303,3525942,1097999,2100,1095899
49,13.7357,2590591,1097999,2074,1095925
49,13.9705,2637837,1097999,2068,1095931
49,13.7353,2592245,1097999,2080,1095919
49,14.0416,2649674,1097999,2078,1095921
49,14.1265,2664668,1097999,2080,1095919
49,13.9084,2605739,1097999,2082,1095917
50,13.7293,2589496,1098040,2029,1096011
50,13.857,2596190,1098040,2033,1096007
50,13.7326,2591674,1098040,2035,1096005
50,15.1782,2590794,1098040,2031,1096009
50,16.0709,2742339,1098040,2053,1095987
50,13.7247,2588834,1098040,2032,1096008
50,13.7293,2589339,1098040,2026,1096014
50,13.7228,2588105,1098040,2030,1096010
50,13.7302,2589991,1098040,2038,1096002
50,15.1318,2616304,1098040,2040,1096000
51,13.6928,2582791,1098079,2000,1096079
51,13.6861,2581236,1098079,1992,1096087
51,13.913,2624226,1098079,2016,1096063
51,13.694,2583480,1098079,1996,1096083
51,13.691,2582894,1098079,1994,1096085
51,13.6907,2582360,1098079,1992,1096087
51,13.7541,2582133,1098079,1992,1096087
51,15.113,2649025,1098079,1997,1096082
51,13.7824,2583376,1098079,1990,1096089
51,14.0209,2644875,1098079,2002,1096077
52,15.1299,2580858,1098116,1959,1096157
52,16.2515,2589815,1098116,1964,1096152
52,13.6801,2580475,1098116,1957,1096159
52,13.7344,2581285,1098116,1955,1096161
52,13.6773,2579792,1098116,1960,1096156
52,14.2005,2615031,1098116,1958,1096158
52,15.1286,2581090,1098116,1954,1096162
52,14.1015,2643732,1098116,1967,1096149
52,13.6814,2580245,1098116,1957,1096159
52,13.9024,2615977,1098116,1957,1096159
53,13.7826,2586415,1098153,1921,1096232
53,13.7861,2586256,1098153,1922,1096231
53,13.6776,2579811,1098153,1923,1096230
53,13.7525,2580473,1098153,1919,1096234
53,13.6766,2579467,1098153,1917,1096236
53,13.7701,2582061,1098153,1922,1096231
53,15.1337,2580730,1098153,1923,1096230
53,13.8004,2587053,1098153,1923,1096230
53,13.6776,2579512,1098153,1923,1096230
53,14.6709,2583682,1098153,1925,1096228
54,13.6744,2578870,1098188,1887,1096301
54,13.6712,2578435,1098188,1888,1096300
54,13.6708,2578504,1098188,1881,1096307
54,17.6371,2599183,1098188,1893,1096295
54,13.6717,2579003,1098188,1886,1096302
54,14.0701,2654634,1098188,1890,1096298
54,14.5322,2581827,1098188,1883,1096305
54,16.8362,2647445,1098188,1917,1096271
54,13.6735,2579059,1098188,1885,1096303
54,13.6723,2578649,1098188,1881,1096307
55,13.7891,2586805,1098221,1853,1096368
55,13.6566,2575921,1098221,1855,1096366
55,14.5524,2583859,1098221,1849,1096372
55,13.9417,2630034,1098221,1860,1096361
55,13.6648,2577142,1098221,1853,1096368
55,13.698,2583422,1098221,1853,1096368
55,13.6973,2584071,1098221,1845,1096376
55,14.0979,2576483,1098221,1855,1096366
55,13.6801,2580111,1098221,1850,1096371
55,13.6659,2577276,1098221,1854,1096367
56,13.6871,2581501,1098254,1816,1096438
56,13.6417,2572900,1098254,1820,1096434
56,17.7438,2583668,1098254,1821,1096433
56,13.9284,2627468,1098254,1821,1096433
56,13.8585,2598199,1098254,1818,1096436
56,13.6611,2576470,1098254,1819,1096435
56,13.7863,2588832,1098254,1823,1096431
56,13.6885,2581747,1098254,1820,1096434
56,13.6885,2581587,1098254,1818,1096436
56,13.8131,2588344,1098254,1820,1096434
57,13.6675,2577686,1098285,1788,1096497
57,14.0795,2655588,1098285,1787,1096498
57,13.7843,2585592,1098285,1792,1096493
57,13.6774,2580317,1098285,1786,1096499
57,13.6692,2578920,1098285,1786,1096499
57,16.72,2686484,1098285,1821,1096464
57,13.6685,2578957,1098285,1787,1096498
57,13.6682,2577577,1098285,1784,1096501
57,13.6655,2578660,1098285,1788,1096497
57,13.9084,2623718,1098285,1796,1096489
58,13.6716,2578549,1098315,1757,1096558
58,13.6704,2578420,1098315,1757,1096558
58,13.6659,2577482,1098315,1763,1096552
58,13.7339,2578482,1098315,1754,1096561
58,13.6742,2579215,1098315,1761,1096554
58,14.4469,2659299,1098315,1762,1096553
58,15.2534,2878345,1098315,1781,1096534
58,13.6714,2578246,1098315,1752,1096563
58,17.2057,2591996,1098315,1762,1096553
58,14.74,2779985,1098315,1761,1096554
59,18.6393,2579369,1098345,1734,1096611
59,13.6666,2577820,1098345,1719,1096626
59,14.5039,2583841,1098345,1725,1096620
59,13.9085,2627167,1098345,1726,1096619
59,13.6715,2580611,1098345,1731,1096614
59,16.0778,2902329,1098345,1741,1096604
59,15.635,2593656,1098345,1747,1096598
59,15.1159,2834356,1098345,1738,1096607
59,13.6659,2577664,1098345,1733,1096612
59,13.6662,2577408,1098345,1731,1096614
60,13.6735,2580272,1098373,1698,1096675
60,13.6878,2582577,1098373,1703,1096670
60,23.9622,3668643,1098373,1709,1096664
60,21.7794,3659516,1098373,1716,1096657
60,13.6699,2579495,1098373,1697,1096676
60,13.6669,2577844,1098373,1695,1096678
60,13.6689,2578256,1098373,1692,1096681
60,19.3579,2616397,1098373,1709,1096664
60,13.6683,2577951,1098373,1703,1096670
60,14.2039,2662296,1098373,1713,1096660
61,13.7966,2603245,1098400,1675,1096725
61,18.7012,3547093,1098400,1696,1096704
61,13.9765,2628145,1098400,1680,1096720
61,13.791,2601697,1098400,1672,1096728
61,13.7924,2601423,1098400,1667,1096733
61,13.7941,2601772,1098400,1673,1096727
61,13.7861,2600684,1098400,1680,1096720
61,13.7972,2602188,1098400,1668,1096732
61,13.7909,2600994,1098400,1669,1096731
61,13.9113,2609812,1098400,1676,1096724
62,17.1818,3210143,1098427,1647,1096780
62,13.8925,2605743,1098427,1649,1096778
62,13.7666,2596302,1098427,1643,1096784
62,13.9382,2629157,1098427,1649,1096778
62,23.1367,2640301,1098427,1660,1096767
62,13.773,2597525,1098427,1646,1096781
62,13.7676,2597078,1098427,1642,1096785
62,13.7697,2596811,1098427,1644,1096783
62,15.2199,2601923,1098427,1648,1096779
62,13.7731,2598348,1098427,1643,1096784
63,13.8182,2586707,1098452,1623,1096829
63,13.6673,2577884,1098452,1617,1096835
63,15.2431,2589110,1098452,1622,1096830
63,13.683,2580748,1098452,1617,1096835
63,13.7335,2578875,1098452,1622,1096830
63,13.6829,2581407,1098452,1619,1096833
63,13.6745,2579685,1098452,1621,1096831
63,14.9642,2591164,1098452,1624,1096828
63,18.7723,3545863,1098452,1630,1096822
63,13.8773,2584518,1098452,1617,1096835
64,21.8917,3273313,1098477,1610,1096867
64,13.7646,2588686,1098477,1599,1096878
64,14.122,2647335,1098477,1601,1096876
64,14.2503,2610884,1098477,1604,1096873
64,15.7808,2724964,1098477,1600,1096877
64,21.7149,2589448,1098477,1599,1096878
64,16.7499,2604467,1098477,1605,1096872
64,17.5508,2600758,1098477,1601,1096876
64,26.1676,3616393,1098477,1615,1096862
64,19.6268,2834634,1098477,1623,1096854
65,18.3242,2644784,1098501,1570,1096931
65,21.4597,2644229,1098501,1574,1096927
65,30.5522,4218026,1098501,1612,1096889
65,27.0742,3607148,1098501,1591,1096910
65,19.9787,2641657,1098501,1579,1096922
65,19.7267,2631214,1098501,1573,1096928
65,20.2057,2693033,1098501,1579,1096922
65,30.6555,3349061,1098501,1598,1096903
65,21.0176,2590791,1098501,1570,1096931
65,18.6264,2583898,1098501,1568,1096933
66,17.9898,2585546,1098524,1554,1096970
66,17.2572,2584610,1098524,1546,1096978
66,18.2193,2586504,1098524,1559,1096965
66,24.3417,3780779,1098524,1557,1096967
66,16.8001,2703145,1098524,1565,1096959
66,15.5334,2584804,1098524,1551,1096973
66,17.7097,2587322,1098524,1551,1096973
66,15.6671,2687265,1098524,1555,1096969
66,18.8819,2600102,1098524,1551,1096973
66,14.9849,2586214,1098524,1553,1096971
67,14.8936,2584096,1098547,1530,1097017
67,14.7384,2617006,1098547,1533,1097014
67,14.6698,2593557,1098547,1530,1097017
67,14.5708,2587919,1098547,1520,1097027
67,14.0671,2575081,1098547,1527,1097020
67,14.1454,2578140,1098547,1531,1097016
67,18.0371,2588418,1098547,1529,1097018
67,13.6644,2577564,1098547,1525,1097022
67,14.4646,2704087,1098547,1539,1097008
67,13.6024,2565647,1098547,1524,1097023
68,15.8909,2597051,1098569,1506,1097063
68,13.8596,2594969,1098569,1504,1097065
68,13.7283,2589212,1098569,1505,1097064
68,13.7239,2588926,1098569,1504,1097065
68,15.9345,2861508,1098569,1511,1097058
68,13.7252,2588511,1098569,1503,1097066
68,20.4098,2590185,1098569,1499,1097070
68,13.7279,2590413,1098569,1505,1097064
68,14.2821,2591900,1098569,1511,1097058
68,13.9477,2595277,1098569,1511,1097058
69,13.7337,2590433,1098590,1482,1097108
69,14.9476,2592736,1098590,1489,1097101
69,13.7332,2589844,1098590,1481,1097109
69,13.7322,2590130,1098590,1481,1097109
69,13.7326,2589841,1098590,1479,1097111
69,13.7321,2590888,1098590,1483,1097107
69,13.7339,2590011,1098590,1484,1097106
69,13.7885,2590917,1098590,1484,1097106
69,13.7337,2590207,1098590,1478,1097112
69,13.7341,2591896,1098590,1485,1097105
70,14.2217,2666460,1098611,1472,1097139
70,18.1267,2662756,1098611,1478,1097133
70,13.9399,2611167,1098611,1466,1097145
70,13.7437,2592585,1098611,1467,1097144
70,13.7429,2592818,1098611,1462,1097149
70,13.7448,2593315,1098611,1464,1097147
70,13.8797,2618579,1098611,1468,1097143
70,13.7426,2592887,1098611,1458,1097153
70,17.834,3284149,1098611,1498,1097113
70,14.3417,2705347,1098611,1474,1097137
71,14.2059,2680048,1098631,1443,1097188
71,13.7379,2592076,1098631,1437,1097194
71,15.7172,2619721,1098631,1450,1097181
71,13.7246,2588517,1098631,1445,1097186
71,18.9802,2589758,1098631,1440,1097191
71,13.7122,2587332,1098631,1435,1097196
71,13.7492,2593284,1098631,1436,1097195
71,13.75,2593601,1098631,1443,1097188
71,13.7418,2591628,1098631,1443,1097188
71,14.3514,2690184,1098631,1472,1097159
72,13.7597,2594888,1098651,1420,1097231
72,13.7588,2595801,1098651,1421,1097230
72,13.7387,2591271,1098651,1415,1097236
72,13.7537,2594105,1098651,1424,1097227
72,13.97,2598780,1098651,1422,1097229
72,13.7581,2595034,1098651,1423,1097228
72,14.0647,2652723,1098651,1427,1097224
72,13.8255,2595805,1098651,1416,1097235
72,13.7393,2591971,1098651,1428,1097223
72,13.7524,2594133,1098651,1420,1097231
73,14.2351,2600758,1098670,1399,1097271
73,13.7692,2597764,1098670,1407,1097263
73,13.7692,2596807,1098670,1405,1097265
73,13.7634,2596134,1098670,1405,1097265
73,15.6214,2712469,1098670,1414,1097256
73,13.7687,2598432,1098670,1399,1097271
73,13.7698,2598191,1098670,1403,1097267
73,14.0547,2651784,1098670,1411,1097259
73,13.7656,2596270,1098670,1404,1097266
73,13.7691,2597712,1098670,1408,1097262
74,13.8198,2598414,1098688,1381,1097307
74,13.7727,2597618,1098688,1379,1097309
74,13.7764,2600070,1098688,1381,1097307
74,13.7737,2597864,1098688,1385,1097303
74,13.9354,2628597,1098688,1387,1097301
74,13.7721,2599208,1098688,1386,1097302
74,16.1456,2755365,1098688,1390,1097298
74,13.7733,2597865,1098688,1382,1097306
74,13.7748,2598457,1098688,1388,1097300
74,13.7726,2598221,1098688,1381,1097307
75,13.7511,2593469,1098706,1365,1097341
75,15.3284,2589093,1098706,1364,1097342
75,13.7249,2588440,1098706,1367,1097339
75,13.4775,2541730,1098706,1363,1097343
75,13.7293,2589279,1098706,1364,1097342
75,13.7269,2588880,1098706,1370,1097336
75,13.7197,2587437,1098706,1370,1097336
75,13.7257,2588726,1098706,1363,1097343
75,13.7282,2591749,1098706,1363,1097343
75,13.8318,2587552,1098706,1368,1097338
76,14.3135,2703981,1098724,1352,1097372
76,13.7628,2595635,1098724,1349,1097375
76,13.7672,2597337,1098724,1349,1097375
76,15.2129,2596665,1098724,1352,1097372
76,13.8575,2599739,1098724,1355,1097369
76,13.7724,2598434,1098724,1350,1097374
76,13.7626,2595988,1098724,1340,1097384
76,13.7596,2596405,1098724,1347,1097377
76,13.7615,2595591,1098724,1343,1097381
76,13.8457,2596481,1098724,1345,1097379
77,13.7653,2596692,1098741,1330,1097411
77,13.7863,2600538,1098741,1329,1097412
77,13.7646,2596264,1098741,1330,1097411
77,13.7644,2595962,1098741,1330,1097411
77,13.8823,2604708,1098741,1337,1097404
77,13.764,2595964,1098741,1331,1097410
77,13.9036,2604975,1098741,1335,1097406
77,13.8045,2596586,1098741,1333,1097408
77,14.1262,2652717,1098741,1330,1097411
77,13.7635,2597847,1098741,1328,1097413
78,15.2965,2610250,1098757,1319,1097438
78,14.3382,2596762,1098757,1319,1097438
78,20.1404,3813619,1098757,1333,1097424
78,13.7631,2595694,1098757,1319,1097438
78,13.9204,2608274,1098757,1309,1097448
78,13.7648,2596459,1098757,1314,1097443
78,13.763,2596106,1098757,1313,1097444
78,16.7681,2707563,1098757,1337,1097420
78,13.7631,2595607,1098757,1320,1097437
78,13.7635,2595996,1098757,1314,1097443
79,13.7874,2600492,1098774,1298,1097476
79,13.7872,2600446,1098774,1302,1097472
79,13.7874,2600119,1098774,1295,1097479
79,13.7855,2602005,1098774,1299,1097475
79,13.7865,2600012,1098774,1293,1097481
79,13.7873,2600211,1098774,1301,1097473
79,14.4582,2634741,1098774,1307,1097467
79,16.3546,2630531,1098774,1305,1097469
79,13.8116,2605070,1098774,1299,1097475
79,13.7815,2601944,1098774,1304,1097470
80,13.7376,2591358,1098790,1287,1097503
80,13.741,2591857,1098790,1287,1097503
80,13.7959,2601904,1098790,1278,1097512
80,13.7609,2595185,1098790,1282,1097508
80,13.8555,2599870,1098790,1284,1097506
80,13.6818,2580127,1098790,1280,1097510
80,21.625,2711415,1098790,1297,1097493
80,13.684,2580858,1098790,1284,1097506
80,14.0299,2646803,1098790,1284,1097506
80,18.3961,3484973,1098790,1291,1097499
81,14.6679,2596866,1098805,1274,1097531
81,13.7631,2595804,1098805,1264,1097541
81,13.7629,2596975,1098805,1274,1097531
81,13.76,2595533,1098805,1270,1097535
81,13.8239,2595591,1098805,1269,1097536
81,13.7633,2595822,1098805,1270,1097535
81,14.1904,2597084,1098805,1276,1097529
81,13.7603,2595568,1098805,1270,1097535
81,13.7628,2595854,1098805,1270,1097535
81,13.7605,2595540,1098805,1267,1097538
82,13.7585,2594775,1098820,1255,1097565
82,16.0366,2903183,1098820,1265,1097555
82,13.7609,2595407,1098820,1252,1097568
82,13.7615,2595732,1098820,1254,1097566
82,13.7629,2595653,1098820,1254,1097566
82,13.7572,2594450,1098820,1246,1097574
82,13.7607,2595515,1098820,1256,1097564
82,13.7606,2595310,1098820,1245,1097575
82,13.7633,2595809,1098820,1247,1097573
82,13.7597,2594995,1098820,1250,1097570
83,14.0354,2639237,1098835,1246,1097589
83,13.6921,2582329,1098835,1245,1097590
83,15.1378,2582559,1098835,1239,1097596
83,13.6905,2582078,1098835,1238,1097597
83,13.6906,2582143,1098835,1239,1097596
83,13.8414,2612645,1098835,1246,1097589
83,30.9601,3287619,1098835,1256,1097579
83,14.8575,2692523,1098835,1243,1097592
83,13.6902,2582782,1098835,1236,1097599
83,13.6911,2582764,1098835,1234,1097601
84,14.05,2632283,1098849,1230,1097619
84,14.9992,2707872,1098849,1237,1097612
84,13.8627,2600124,1098849,1220,1097629
84,14.755,2784537,1098849,1229,1097620
84,16.0997,2669186,1098849,1228,1097621
84,14.2672,2692255,1098849,1227,1097622
84,13.7379,2591730,1098849,1220,1097629
84,13.7387,2591223,1098849,1222,1097627
84,14.2458,2687914,1098849,1231,1097618
84,13.7475,2594361,1098849,1221,1097628
85,14.2292,2685952,1098863,1212,1097651
85,13.8566,2600094,1098863,1214,1097649
85,18.4872,3491680,1098863,1225,1097638
85,13.7359,2592494,1098863,1208,1097655
85,13.7369,2591308,1098863,1210,1097653
85,20.2563,3828926,1098863,1216,1097647
85,22.4792,2593872,1098863,1217,1097646
85,13.7364,2592425,1098863,1203,1097660
85,16.2026,2601057,1098863,1216,1097647
85,13.7383,2591240,1098863,1208,1097655
86,13.73,2589760,1098877,1200,1097677
86,13.7289,2590150,1098877,1197,1097680
86,16.2616,2600350,1098877,1201,1097676
86,13.7294,2590190,1098877,1197,1097680
86,13.731,2590794,1098877,1196,1097681
86,13.7289,2589642,1098877,1194,1097683
86,13.7298,2590127,1098877,1196,1097681
86,14.4303,2723606,1098877,1197,1097680
86,13.8881,2619882,1098877,1198,1097679
86,13.7294,2591198,1098877,1197,1097680
87,16.4101,2749893,1098890,1192,1097698
87,14.3039,2585972,1098890,1183,1097707
87,13.6898,2582594,1098890,1179,1097711
87,13.7234,2588780,1098890,1181,1097709
87,13.6218,2569850,1098890,1182,1097708
87,13.6914,2582240,1098890,1180,1097710
87,13.7223,2587962,1098890,1187,1097703
87,13.6884,2581724,1098890,1178,1097712
87,13.6173,2568471,1098890,1180,1097710
87,18.7315,2751475,1098890,1189,1097701
88,13.7446,2592383,1098903,1168,1097735
88,18.1855,2599519,1098903,1186,1097717
88,14.2856,2593763,1098903,1165,1097738
88,13.6813,2582480,1098903,1168,1097735
88,13.8444,2612514,1098903,1172,1097731
88,13.7148,2586710,1098903,1174,1097729
88,13.7436,2592792,1098903,1168,1097735
88,13.7141,2587102,1098903,1167,1097736
88,13.7428,2592928,1098903,1167,1097736
88,18.1248,3149588,1098903,1175,1097728
89,13.7095,2585624,1098916,1153,1097763
89,22.7482,4096713,1098916,1182,1097734
89,13.7087,2586061,1098916,1156,1097760
89,13.7096,2586816,1098916,1159,1097757
89,13.7105,2586518,1098916,1159,1097757
89,13.7098,2587487,1098916,1158,1097758
89,13.7098,2586184,1098916,1156,1097760
89,13.9111,2586674,1098916,1160,1097756
89,13.7078,2585974,1098916,1153,1097763
89,13.7105,2586432,1098916,1156,1097760
90,13.701,2583949,1098928,1146,1097782
90,13.6972,2583599,1098928,1145,1097783
90,14.5314,2585269,1098928,1146,1097782
90,13.7,2583735,1098928,1146,1097782
90,13.6971,2583964,1098928,1142,1097786
90,13.6983,2583480,1098928,1139,1097789
90,13.6993,2585420,1098928,1143,1097785
90,13.7792,2584423,1098928,1139,1097789
90,18.2146,3448054,1098928,1153,1097775
90,13.878,2617889,1098928,1155,1097773
91,13.6136,2567624,1098941,1129,1097812
91,13.6093,2566654,1098941,1133,1097808
91,13.6888,2569305,1098941,1131,1097810
91,13.6284,2570566,1098941,1131,1097810
91,13.629,2570415,1098941,1135,1097806
91,13.612,2567199,1098941,1134,1097807
91,13.6096,2567734,1098941,1133,1097808
91,13.6278,2570609,1098941,1131,1097810
91,20.5792,3871689,1098941,1137,1097804
91,13.6141,2567714,1098941,1134,1097807
92,13.6762,2579343,1098953,1120,1097833
92,13.6773,2579561,1098953,1117,1097836
92,13.6766,2579623,1098953,1116,1097837
92,14.2324,2672812,1098953,1120,1097833
92,13.6779,2579458,1098953,1121,1097832
92,13.6775,2579723,1098953,1116,1097837
92,13.6768,2579598,1098953,1124,1097829
92,13.6782,2579852,1098953,1126,1097827
92,13.6749,2580224,1098953,1118,1097835
92,13.675,2580912,1098953,1119,1097834
93,13.8818,2618023,1098964,1105,1097859
93,13.8892,2619284,1098964,1111,1097853
93,13.8805,2619961,1098964,1104,1097860
93,13.881,2618615,1098964,1103,1097861
93,22.7024,2644026,1098964,1114,1097850
93,13.8819,2620239,1098964,1106,1097858
93,13.8859,2620920,1098964,1106,1097858
93,15.8685,2952433,1098964,1109,1097855
93,14.5122,2730563,1098964,1114,1097850
93,14.4463,2620805,1098964,1109,1097855
94,14.0579,2652990,1098976,1095,1097881
94,14.3512,2621176,1098976,1104,1097872
94,14.2877,2696566,1098976,1117,1097859
94,13.8901,2620539,1098976,1090,1097886
94,13.9307,2628141,1098976,1093,1097883
94,14.1582,2632669,1098976,1099,1097877
94,13.8835,2618795,1098976,1105,1097871
94,13.8838,2618602,1098976,1097,1097879
94,14.3275,2705508,1098976,1101,1097875
94,14.034,2621663,1098976,1100,1097876
95,13.6899,2583026,1098987,1085,1097902
95,13.9295,2629123,1098987,1094,1097893
95,13.3359,2515699,1098987,1080,1097907
95,13.7857,2582167,1098987,1082,1097905
95,13.388,2525225,1098987,1088,1097899
95,13.672,2580385,1098987,1084,1097903
95,13.4285,2532782,1098987,1084,1097903
95,14.0028,2627220,1098987,1086,1097901
95,13.9171,2625620,1098987,1085,1097902
95,13.8695,2598500,1098987,1091,1097896
96,19.0805,2740941,1098998,1109,1097889
96,13.7524,2594767,1098998,1068,1097930
96,13.8145,2605806,1098998,1081,1097917
96,15.0833,2554002,1098998,1073,1097925
96,13.3803,2524415,1098998,1079,1097919
96,13.5072,2547745,1098998,1070,1097928
96,13.7558,2594526,1098998,1072,1097926
96,14.3946,2700404,1098998,1094,1097904
96,13.459,2538451,1098998,1076,1097922
96,13.4613,2538849,1098998,1071,1097927
97,15.066,2569537,1099009,1063,1097946
97,13.6194,2568812,1099009,1059,1097950
97,13.7228,2573616,1099009,1061,1097948
97,13.6181,2568410,1099009,1065,1097944
97,14.2507,2652525,1099009,1065,1097944
97,14.0191,2645531,1099009,1085,1097924
97,13.6241,2570527,1099009,1063,1097946
97,13.9281,2627781,1099009,1065,1097944
97,13.6206,2568720,1099009,1059,1097950
97,13.6202,2569213,1099009,1067,1097942
98,13.6075,2566329,1099019,1054,1097965
98,13.6054,2566303,1099019,1050,1097969
98,13.6057,2566142,1099019,1052,1097967
98,13.6078,2566788,1099019,1054,1097965
98,13.6067,2566265,1099019,1051,1097968
98,13.6068,2566292,1099019,1051,1097968
98,13.6058,2565975,1099019,1053,1097966
98,13.6077,2566498,1099019,1052,1097967
98,13.6805,2567435,1099019,1055,1097964
98,13.6061,2566067,1099019,1051,1097968
99,13.5931,2564276,1099029,1044,1097985
99,13.5942,2564136,1099029,1048,1097981
99,13.5928,2564239,1099029,1044,1097985
99,13.593,2564008,1099029,1044,1097985
99,13.5921,2564156,1099029,1038,1097991
99,13.5914,2563368,1099029,1042,1097987
99,13.5937,2563922,1099029,1042,1097987
99,13.5933,2563638,1099029,1034,1097995
99,13.5923,2563378,1099029,1042,1097987
99,13.591,2564161,1099029,1038,1097991
100,13.5803,2561110,1099040,1032,1098008
100,13.6502,2562016,1099040,1034,1098006
100,13.6198,2570494,1099040,1033,1098007
100,13.5786,2560834,1099040,1034,1098006
100,13.5802,2561225,1099040,1037,1098003
100,13.5793,2561081,1099040,1032,1098008
100,13.5782,2560663,1099040,1031,1098009
100,13.5787,2561067,1099040,1032,1098008
100,13.9407,2629476,1099040,1034,1098006
100,13.5775,2561221,1099040,1030,1098010
