3,9.73056,1836189,666706,20,666686
3,9.90853,1869721,666706,28,666678
3,9.73178,1836691,666706,27,666679
3,9.90764,1869520,666706,26,666680
3,9.73186,1837475,666706,19,666687
3,9.73273,1836392,666706,28,666678
3,9.73155,1835916,666706,23,666683
3,9.73133,1837225,666706,27,666679
3,9.73081,1836276,666706,22,666684
3,9.90794,1869752,666706,23,666683
4,10.0855,1903287,675040,26,675014
4,10.2352,1914885,675040,33,675007
4,12.7866,1995313,675040,39,675001
4,10.4984,1981513,675040,31,675009
4,10.2896,1942699,675040,30,675010
4,10.0851,1902727,675040,26,675014
4,10.0864,1903864,675040,30,675010
4,11.2235,2138716,675040,945,674095
4,10.0875,1903278,675040,36,675004
4,10.0855,1902887,675040,29,675011
5,10.5287,1986913,680040,38,680002
5,12.6551,1953766,680040,54,679986
5,10.2981,1942950,680040,25,680015
5,10.2986,1943353,680040,31,680009
5,10.2987,1942789,680040,28,680012
5,11.2482,2019927,680040,36,680004
5,10.9642,2074102,680040,44,679996
5,16.4072,2887837,680040,39,680001
5,10.5096,1985561,680040,35,680005
5,10.318,1948754,680040,24,680016
6,11.28,1987736,683373,34,683339
6,10.5281,1987192,683373,25,683348
6,10.5224,1989579,683373,32,683341
6,10.569,1997209,683373,26,683347
6,10.7273,2027483,683373,34,683339
6,15.2196,2878202,683373,35,683338
6,10.5282,1986509,683373,27,683346
6,10.4408,1969668,683373,34,683339
6,10.5301,1986882,683373,26,683347
6,11.545,2179658,683373,58,683315
7,11.3605,1990615,685754,39,685715
7,12.2715,1995714,685754,44,685710
7,10.7877,1998559,685754,43,685711
7,10.5407,1988765,685754,31,685723
7,10.6807,2001312,685754,45,685709
7,10.5417,1988704,685754,32,685722
7,10.5425,1988982,685754,31,685723
7,10.5412,1988981,685754,31,685723
7,10.5419,1988705,685754,33,685721
7,10.5413,1988613,685754,33,685721
8,10.695,2004310,687540,34,687506
8,14.3083,2588812,687540,551,686989
8,10.6166,2004407,687540,31,687509
8,12.0712,2004108,687540,30,687510
8,12.3424,2010194,687540,54,687486
8,10.6167,2002675,687540,31,687509
8,10.6171,2002765,687540,31,687509
8,10.6955,2003702,687540,36,687504
8,10.6167,2002862,687540,29,687511
8,10.6179,2003341,687540,33,687507
9,10.7351,2025105,688928,34,688894
9,10.7357,2026222,688928,32,688896
9,16.7831,3167185,688928,282,688646
9,13.0478,2203203,688928,78,688850
9,10.7409,2038018,688928,38,688890
9,11.1227,2042135,688928,43,688885
9,10.8489,2048715,688928,60,688868
9,18.01,3362293,688928,458,688470
9,15.5689,2952563,688928,1348,687580
9,10.7343,2025723,688928,28,688900
10,10.7231,2023522,690040,29,690011
10,10.7226,2023059,690040,26,690014
10,13.5,2261786,690040,148,689892
10,11.124,2099891,690040,71,689969
10,10.7228,2022942,690040,31,690009
10,10.7232,2022984,690040,29,690011
10,12.6725,2031388,690040,63,689977
10,10.7222,2023923,690040,31,690009
10,15.8704,2543917,690040,2670,687370
10,10.7233,2022923,690040,32,690008
11,11.1275,2100422,690949,38,690911
11,10.7621,2030219,690949,32,690917
11,10.7617,2030226,690949,29,690920
11,11.6641,2167322,690949,104,690845
11,12.5273,2369603,690949,124,690825
11,14.2791,2275096,690949,119,690830
11,13.8405,2359739,690949,125,690824
11,10.8996,2066157,690949,45,690904
11,10.7678,2034670,690949,28,690921
11,14.2444,2701550,690949,223,690726
12,14.1774,2486903,691706,205,691501
12,11.467,2169559,691706,72,691634
12,10.9053,2060193,691706,44,691662
12,10.9326,2064423,691706,39,691667
12,10.8377,2045727,691706,28,691678
12,11.3236,2138182,691706,477,691229
12,11.3726,2043233,691706,33,691673
12,10.8375,2044903,691706,29,691677
12,10.7947,2036251,691706,30,691676
12,10.9272,2046192,691706,34,691672
13,10.8203,2041222,692347,25,692322
13,10.822,2041543,692347,31,692316
13,11.3387,2098658,692347,60,692287
13,11.3436,2042349,692347,35,692312
13,10.8205,2042411,692347,28,692319
13,10.821,2041605,692347,27,692320
13,10.8208,2041475,692347,31,692316
13,10.8214,2041785,692347,32,692315
13,10.821,2041313,692347,29,692318
13,10.8205,2043105,692347,21,692326
14,10.8447,2045691,692897,29,692868
14,10.8447,2045606,692897,32,692865
14,10.8439,2045827,692897,24,692873
14,10.8435,2046158,692897,26,692871
14,10.9248,2046625,692897,30,692867
14,11.1647,2106340,692897,34,692863
14,10.8438,2045669,692897,27,692870
14,10.97,2056318,692897,36,692861
14,14.6472,2679236,692897,402,692495
14,10.8439,2045736,692897,25,692872
15,10.8648,2050245,693373,28,693345
15,10.8643,2049510,693373,30,693343
15,10.8999,2056141,693373,30,693343
15,10.8998,2056767,693373,32,693341
15,11.0015,2061568,693373,33,693340
15,10.9003,2057787,693373,29,693344
15,10.9842,2058420,693373,31,693342
15,11.3696,2051797,693373,35,693338
15,10.8649,2050155,693373,30,693343
15,10.8992,2056455,693373,27,693346
16,10.8828,2053524,693790,32,693758
16,10.8816,2053764,693790,29,693761
16,13.2493,2195588,693790,73,693717
16,13.7328,2081041,693790,63,693727
16,12.4453,2056488,693790,31,693759
16,10.8824,2053064,693790,33,693757
16,10.9872,2073622,693790,33,693757
16,10.8821,2053234,693790,28,693762
16,10.8816,2053132,693790,30,693760
16,10.986,2056794,693790,37,693753
17,11.0248,2063441,694157,36,694121
17,11.4631,2165110,694157,508,693649
17,15.7891,2058012,694157,33,694124
17,10.8976,2055970,694157,28,694129
17,10.9949,2056895,694157,36,694121
17,11.0995,2079123,694157,40,694117
17,10.8988,2056848,694157,33,694124
17,11.0397,2082825,694157,35,694122
17,11.2227,2119349,694157,54,694103
17,10.8981,2055939,694157,32,694125
18,12.5353,2364340,694484,5600,688884
18,12.5207,2361756,694484,5599,688885
18,13.3604,2374847,694484,5620,688864
18,12.5132,2361408,694484,5598,688886
18,20.3622,3343258,694484,5740,688744
18,12.4268,2343975,694484,5598,688886
18,12.492,2356494,694484,5597,688887
18,12.5821,2373275,694484,5592,688892
18,12.5342,2364144,694484,5592,688892
18,13.2482,2501063,694484,5725,688759
19,13.8444,2340115,694776,5294,689482
19,12.3817,2335489,694776,5289,689487
19,12.4633,2350889,694776,5289,689487
19,12.7013,2396199,694776,5302,689474
19,12.5613,2352960,694776,5294,689482
19,12.4343,2345881,694776,5292,689484
19,12.4139,2341665,694776,5292,689484
19,12.4328,2336389,694776,5290,689486
19,12.4001,2338892,694776,5291,689485
19,12.3892,2337375,694776,5290,689486
20,12.3396,2327314,695040,5028,690012
20,12.363,2332001,695040,5027,690013
20,13.838,2337944,695040,5025,690015
20,12.34,2327444,695040,5029,690011
20,12.3317,2326264,695040,5026,690014
20,15.1053,2514553,695040,5029,690011
20,13.7035,2585256,695040,4109,690931
20,13.9101,2340952,695040,5026,690014
20,12.3302,2327526,695040,5027,690013
20,12.3399,2327647,695040,5028,690012
21,12.4112,2341101,695278,4792,690486
21,12.2803,2316276,695278,4791,690487
21,12.2607,2312440,695278,4789,690489
21,13.5992,2568577,695278,4788,690490
21,12.3389,2327332,695278,4797,690481
21,12.2582,2312295,695278,4788,690490
21,17.2271,2443341,695278,4792,690486
21,12.3454,2329217,695278,4789,690489
21,12.3159,2322804,695278,4787,690491
21,13.0442,2313587,695278,4789,690489
22,12.3045,2320632,695494,4571,690923
22,18.1244,2316021,695494,4574,690920
22,20.9048,3320487,695494,4599,690895
22,16.708,2367929,695494,4581,690913
22,14.9859,2359913,695494,4583,690911
22,13.3129,2342736,695494,4580,690914
22,13.7873,2444009,695494,4567,690927
22,12.2229,2306111,695494,4575,690919
22,12.2347,2313111,695494,4573,690921
22,12.196,2302108,695494,4571,690923
23,19.2303,2958897,695692,4396,691296
23,12.2729,2316194,695692,4378,691314
23,12.1759,2296678,695692,4374,691318
23,12.1796,2298077,695692,4371,691321
23,12.3332,2314965,695692,4374,691318
23,12.2995,2320450,695692,4374,691318
23,12.339,2328003,695692,4377,691315
23,12.4724,2352798,695692,4376,691316
23,12.3249,2305575,695692,4372,691320
23,16.8471,3200576,695692,4385,691307
24,12.5396,2365532,695873,4198,691675
24,12.2136,2303751,695873,4196,691677
24,12.1968,2300435,695873,4195,691678
24,12.3314,2301906,695873,4194,691679
24,12.3091,2324750,695873,4197,691676
24,27.5127,2332067,695873,4202,691671
24,12.9137,2365736,695873,4193,691680
24,15.9488,2302149,695873,4194,691679
24,17.0787,2799778,695873,4199,691674
24,13.9978,2330942,695873,4209,691664
25,14.3336,2315393,696040,4023,692017
25,15.0222,2301911,696040,4030,692010
25,14.9374,2303956,696040,4032,692008
25,14.8604,2312845,696040,4038,692002
25,19.0221,2579278,696040,4038,692002
25,16.2817,2296343,696040,4032,692008
25,15.244,2369717,696040,4054,691986
25,16.898,2488769,696040,4052,691988
25,23.6431,3506963,696040,4038,692002
25,15.1818,2275270,696040,4020,692020
26,39.0257,3313011,696193,3896,692297
26,24.5294,3539948,696193,3885,692308
26,16.783,2328828,696193,3877,692316
26,16.4763,2290135,696193,3877,692316
26,16.4226,2278192,696193,3873,692320
26,16.5071,2292224,696193,3871,692322
26,21.3843,2981411,696193,3889,692304
26,24.8846,3417377,696193,3881,692312
26,26.2189,3616388,696193,3880,692313
26,16.4585,2283991,696193,3875,692318
27,16.3949,2276015,696336,3730,692606
27,16.3845,2272929,696336,3731,692605
27,19.7082,2846816,696336,3744,692592
27,15.8732,2276105,696336,3738,692598
27,15.6361,2320981,696336,3733,692603
27,14.9653,2325318,696336,3734,692602
27,14.0875,2266378,696336,3728,692608
27,14.0853,2266324,696336,3731,692605
27,13.7745,2280349,696336,3733,692603
27,13.8798,2271354,696336,3728,692608
28,13.7123,2280722,696468,3606,692862
28,13.152,2261982,696468,3595,692873
28,13.2919,2271787,696468,3601,692867
28,12.7673,2267679,696468,3601,692867
28,12.748,2263203,696468,3599,692869
28,12.7756,2267963,696468,3596,692872
28,12.3632,2263421,696468,3600,692868
28,12.3753,2265537,696468,3597,692871
28,14.4396,2658541,696468,3608,692860
28,12.3633,2263412,696468,3599,692869
29,12.4447,2264146,696591,3477,693114
29,12.6094,2271162,696591,3480,693111
29,11.973,2258778,696591,3479,693112
29,14.2791,2264136,696591,3486,693105
29,11.9776,2259307,696591,3476,693115
29,11.9841,2260575,696591,3475,693116
29,12.1795,2297788,696591,3475,693116
29,12.0167,2266567,696591,3474,693117
29,12.5572,2266844,696591,3478,693113
29,13.4584,2266367,696591,3476,693115
30,11.9797,2259658,696706,3360,693346
30,11.9535,2254465,696706,3359,693347
30,12.0158,2267117,696706,3360,693346
30,11.9604,2256178,696706,3362,693344
30,11.9412,2259294,696706,3366,693340
30,11.9515,2254309,696706,3365,693341
30,11.9731,2258640,696706,3361,693345
30,11.9675,2257246,696706,3363,693343
30,11.9495,2253969,696706,3363,693343
30,11.9729,2258469,696706,3356,693350
31,12.0861,2267077,696814,3255,693559
31,12.4711,2252726,696814,3253,693561
31,11.9076,2246142,696814,3251,693563
31,12.0124,2253105,696814,3257,693557
31,11.9453,2253390,696814,3253,693561
31,16.2538,3062437,696814,3263,693551
31,11.9174,2247920,696814,3252,693562
31,11.913,2247241,696814,3248,693566
31,11.9446,2253864,696814,3255,693559
31,14.2964,2275002,696814,3256,693558
32,25.3905,2965826,696915,3165,693750
32,11.9066,2246427,696915,3155,693760
32,11.9329,2251011,696915,3153,693762
32,11.9156,2247937,696915,3150,693765
32,11.9261,2249399,696915,3153,693762
32,12.4932,2357249,696915,3160,693755
32,14.6356,2315432,696915,3181,693734
32,13.9941,2305434,696915,3182,693733
32,12.8636,2297549,696915,3157,693758
32,22.0305,3642933,696915,3165,693750
33,16.8925,2486185,697009,3065,693944
33,13.9679,2249003,697009,3063,693946
33,13.8993,2238217,697009,3056,693953
33,14.5577,2263212,697009,3060,693949
33,14.4568,2247434,697009,3058,693951
33,20.9229,3221152,697009,3075,693934
33,14.6835,2283688,697009,3059,693950
33,20.0545,2433970,697009,3074,693935
33,14.53,2250191,697009,3061,693948
33,14.9857,2245638,697009,3058,693951
34,14.4359,2243216,697098,2972,694126
34,14.412,2238546,697098,2953,694145
34,14.6444,2356367,697098,2982,694116
34,13.5272,2239329,697098,2969,694129
34,13.4512,2238731,697098,2971,694127
34,13.3052,2288934,697098,2977,694121
34,13.3473,2297574,697098,2982,694116
34,13.4931,2271007,697098,2969,694129
34,13.4672,2252634,697098,2971,694127
34,14.5504,2262215,697098,2972,694126
35,14.1119,2271471,697182,2901,694281
35,16.7512,2608412,697182,2892,694290
35,13.4238,2235136,697182,2885,694297
35,14.2075,2276100,697182,2892,694290
35,13.4302,2237890,697182,2884,694298
35,12.9702,2230826,697182,2887,694295
35,12.9884,2234202,697182,2888,694294
35,12.9898,2234047,697182,2885,694297
35,12.5922,2236015,697182,2884,694298
35,12.5624,2230309,697182,2889,694293
36,12.5803,2234409,697262,2806,694456
36,13.7607,2254837,697262,2824,694438
36,12.1982,2233814,697262,2805,694457
36,12.1643,2227844,697262,2803,694459
36,12.6196,2234741,697262,2802,694460
36,12.1659,2227479,697262,2805,694457
36,12.1612,2227319,697262,2802,694460
36,12.1302,2231019,697262,2806,694456
36,11.8706,2240831,697262,2810,694452
36,17.1863,3157239,697262,2824,694438
37,13.0496,2249139,697337,2729,694608
37,14.2503,2286138,697337,2738,694599
37,23.8487,2301313,697337,2750,694587
37,14.4984,2254025,697337,2735,694602
37,14.3762,2227091,697337,2728,694609
37,13.9986,2252301,697337,2735,694602
37,13.3971,2230151,697337,2731,694606
37,13.3475,2225070,697337,2729,694608
37,13.5656,2230576,697337,2732,694605
37,12.934,2224454,697337,2727,694610
38,15.1304,2603845,697408,2661,694747
38,12.4854,2216427,697408,2655,694753
38,12.5319,2225121,697408,2656,694752
38,12.5331,2225672,697408,2655,694753
38,15.9815,2269348,697408,2665,694743
38,13.5725,2220897,697408,2658,694750
38,12.1612,2228255,697408,2655,694753
38,12.2843,2224634,697408,2665,694743
38,12.1156,2218043,697408,2661,694747
38,12.116,2218236,697408,2660,694748
39,11.749,2216253,697475,2593,694882
39,12.3118,2311792,697475,2595,694880
39,12.1123,2285510,697475,2595,694880
39,14.7405,2515871,697475,2603,694872
39,12.4331,2273384,697475,2598,694877
39,17.0377,2953950,697475,2596,694879
39,13.7909,2220178,697475,2593,694882
39,13.834,2226611,697475,2594,694881
39,13.791,2220263,697475,2590,694885
39,13.3356,2219607,697475,2592,694883
40,13.3153,2216128,697540,2525,695015
40,12.9042,2219835,697540,2529,695011
40,12.9832,2220009,697540,2525,695015
40,12.892,2217588,697540,2528,695012
40,12.5003,2219265,697540,2530,695010
40,12.4874,2216985,697540,2529,695011
40,15.2967,2699261,697540,2554,694986
40,11.7456,2215415,697540,2522,695018
40,12.1029,2218065,697540,2529,695011
40,11.7604,2218486,697540,2524,695016
41,12.2484,2225132,697600,2466,695134
41,12.1058,2216244,697600,2471,695129
41,18.7418,2211620,697600,2469,695131
41,11.7495,2216844,697600,2469,695131
41,11.7661,2219489,697600,2469,695131
41,11.7616,2218706,697600,2468,695132
41,11.7107,2208942,697600,2465,695135
41,11.9549,2245646,697600,2467,695133
41,12.5946,2220112,697600,2468,695132
41,11.7492,2216591,697600,2468,695132
42,11.7438,2216311,697659,2412,695247
42,11.7334,2213358,697659,2409,695250
42,11.7428,2215647,697659,2405,695254
42,11.738,2217413,697659,2408,695251
42,12.516,2303402,697659,2413,695246
42,13.504,2336382,697659,2414,695245
42,13.4019,2233512,697659,2414,695245
42,15.8567,2433548,697659,2442,695217
42,14.4232,2219609,697659,2412,695247
42,14.2655,2217608,697659,2404,695255
43,16.0364,2404723,697714,2360,695354
43,15.2977,2296600,697714,2379,695335
43,17.1854,2214964,697714,2347,695367
43,22.7638,2212549,697714,2352,695362
43,14.2303,2211585,697714,2357,695357
43,14.9187,2208662,697714,2356,695358
43,13.7391,2210962,697714,2351,695363
43,13.2546,2206551,697714,2356,695358
43,13.2822,2211026,697714,2351,695363
43,12.9092,2221305,697714,2358,695356
44,12.8312,2206805,697767,2304,695463
44,12.5657,2213540,697767,2301,695466
44,12.4148,2204008,697767,2302,695465
44,12.5783,2214981,697767,2305,695462
44,12.4144,2204047,697767,2303,695464
44,12.0679,2209694,697767,2299,695468
44,12.2306,2223083,697767,2297,695470
44,12.1003,2216269,697767,2298,695469
44,12.0629,2210159,697767,2299,695468
44,12.5314,2296527,697767,2308,695459
45,11.6544,2199438,697817,2249,695568
45,12.512,2342748,697817,2254,695563
45,12.0029,2197874,697817,2250,695567
45,12.0108,2199124,697817,2247,695570
45,12.0404,2205658,697817,2251,695566
45,12.0152,2199718,697817,2248,695569
45,11.7567,2199177,697817,2249,695568
45,11.6983,2208472,697817,2254,695563
45,11.6791,2203093,697817,2254,695563
45,11.6488,2197484,697817,2248,695569
46,11.697,2206402,697866,2199,695667
46,15.2554,2916083,697866,2208,695658
46,11.696,2206523,697866,2201,695665
46,11.6856,2205191,697866,2202,695664
46,11.7114,2209580,697866,2204,695662
46,12.3352,2217861,697866,2199,695667
46,11.9363,2234193,697866,2203,695663
46,11.6898,2205707,697866,2199,695667
46,12.6893,2319982,697866,2224,695642
46,11.6815,2204191,697866,2200,695666
47,11.6805,2203805,697912,2156,695756
47,11.6661,2201826,697912,2160,695752
47,15.95,2202317,697912,2154,695758
47,11.7882,2224335,697912,2155,695757
47,11.6663,2200844,697912,2163,695749
47,11.6757,2203205,697912,2155,695757
47,11.6489,2197560,697912,2156,695756
47,12.2761,2296623,697912,2173,695739
47,11.652,2198551,697912,2156,695756
47,13.544,2558958,697912,2158,695754
48,12.0188,2267972,697956,2115,695841
48,11.8529,2236361,697956,2113,695843
48,11.6354,2194880,697956,2109,695847
48,11.6428,2196693,697956,2114,695842
48,11.6412,2195979,697956,2114,695842
48,12.0737,2264580,697956,2115,695841
48,11.6354,2195536,697956,2108,695848
48,11.6828,2203813,697956,2112,695844
48,11.7404,2200131,697956,2111,695845
48,11.711,2212824,697956,2111,695845
49,11.615,2191246,697999,2070,695929
49,11.6243,2192988,697999,2068,695931
49,11.6523,2198086,697999,2067,695932
49,11.6354,2194923,697999,2070,695929
49,11.6166,2191225,697999,2066,695933
49,11.6531,2198569,697999,2066,695933
49,16.9191,3195924,697999,2082,695917
49,11.6517,2198054,697999,2075,695924
49,11.6148,2191960,697999,2067,695932
49,11.6548,2199425,697999,2068,695931
50,11.6214,2192442,698040,2031,696009
50,11.6962,2196327,698040,2029,696011
50,11.6214,2193294,698040,2029,696011
50,11.6274,2193751,698040,2027,696013
50,11.9763,2259746,698040,2029,696011
50,11.6513,2197836,698040,2025,696015
50,11.7273,2201771,698040,2027,696013
50,11.6403,2195618,698040,2031,696009
50,12.4194,2206972,698040,2036,696004
50,11.6445,2197004,698040,2027,696013
51,12.3158,2299720,698079,1990,696089
51,11.6514,2197948,698079,1986,696093
51,14.6272,2335592,698079,1997,696082
51,11.9967,2197800,698079,1988,696091
51,11.9978,2197982,698079,1991,696088
51,11.996,2196153,698079,1990,696089
51,12.0691,2201952,698079,1993,696086
51,11.6352,2195307,698079,1987,696092
51,11.6963,2196788,698079,1989,696090
51,11.6347,2195200,698079,1987,696092
52,11.6186,2191786,698116,1951,696165
52,11.5923,2186538,698116,1955,696161
52,11.5956,2187522,698116,1949,696167
52,11.605,2190091,698116,1952,696164
52,12.1476,2192889,698116,1953,696163
52,11.6137,2190811,698116,1951,696165
52,11.6046,2188782,698116,1953,696163
52,11.6131,2190890,698116,1954,696162
52,11.6161,2192680,698116,1953,696163
52,11.6125,2190407,698116,1951,696165
53,11.5896,2186496,698153,1919,696234
53,11.622,2192455,698153,1910,696243
53,11.5981,2187901,698153,1914,696239
53,11.6232,2192862,698153,1913,696240
53,11.5867,2186365,698153,1915,696238
53,13.0153,2190142,698153,1916,696237
53,11.6525,2198904,698153,1917,696236
53,11.6223,2192966,698153,1918,696235
53,12.0275,2217684,698153,1918,696235
53,11.9255,2243039,698153,1920,696233
54,11.8077,2228409,698188,1879,696309
54,11.6065,2189271,698188,1879,696309
54,11.5767,2183591,698188,1878,696310
54,11.7377,2197516,698188,1881,696307
54,12.1687,2187674,698188,1878,696310
54,11.6125,2191176,698188,1881,696307
54,11.591,2187045,698188,1878,696310
54,11.5777,2185016,698188,1879,696309
54,11.5816,2184835,698188,1878,696310
54,11.5715,2182889,698188,1876,696312
55,11.596,2187305,698221,1843,696378
55,11.5896,2186939,698221,1846,696375
55,11.6436,2187071,698221,1843,696378
55,20.9254,2482809,698221,1866,696355
55,12.2742,2317694,698221,1857,696364
55,11.5934,2187574,698221,1846,696375
55,11.5763,2184447,698221,1834,696387
55,11.5774,2184508,698221,1848,696373
55,11.5757,2183861,698221,1849,696372
55,12.9675,2186985,698221,1848,696373
56,11.5568,2180107,698254,1810,696444
56,11.5557,2179891,698254,1809,696445
56,13.7573,2609555,698254,1833,696421
56,11.6898,2205249,698254,1811,696443
56,11.5708,2182581,698254,1811,696443
56,11.5566,2180294,698254,1809,696445
56,14.318,2195345,698254,1820,696434
56,11.5813,2185520,698254,1814,696440
56,11.753,2199747,698254,1815,696439
56,12.1004,2185956,698254,1817,696437
57,11.5778,2183886,698285,1785,696500
57,11.5728,2183010,698285,1786,696499
57,11.555,2181179,698285,1786,696499
57,11.5609,2180874,698285,1784,696501
57,11.5739,2183785,698285,1781,696504
57,11.5615,2181111,698285,1779,696506
57,11.5808,2184499,698285,1782,696503
57,11.5799,2184392,698285,1782,696503
57,11.635,2184913,698285,1782,696503
57,11.5676,2182138,698285,1782,696503
58,11.5745,2183339,698315,1749,696566
58,11.7756,2205808,698315,1756,696559
58,11.5693,2182178,698315,1750,696565
58,11.6666,2185945,698315,1752,696563
58,11.8361,2233120,698315,1765,696550
58,11.5536,2179337,698315,1751,696564
58,11.5568,2179950,698315,1754,696561
58,11.5696,2182462,698315,1752,696563
58,11.5642,2181883,698315,1751,696564
58,11.5724,2183288,698315,1749,696566
59,13.8019,2502844,698345,1760,696585
59,11.5707,2182593,698345,1718,696627
59,11.8003,2208171,698345,1723,696622
59,11.5412,2177033,698345,1718,696627
59,16.9956,2181213,698345,1730,696615
59,11.5741,2183512,698345,1723,696622
59,11.5678,2181915,698345,1722,696623
59,11.5739,2183135,698345,1719,696626
59,11.5665,2182629,698345,1720,696625
59,11.542,2177270,698345,1720,696625
60,16.8665,2703613,698373,1696,696677
60,11.5584,2180443,698373,1695,696678
60,11.5569,2180480,698373,1693,696680
60,11.5567,2180403,698373,1696,696677
60,11.5594,2180388,698373,1693,696680
60,11.5654,2181832,698373,1696,696677
60,12.7747,2181788,698373,1698,696675
60,11.5661,2181686,698373,1695,696678
60,11.5562,2179784,698373,1693,696680
60,12.079,2179531,698373,1694,696679
61,11.5389,2177476,698400,1666,696734
61,14.1479,2215773,698400,1679,696721
61,17.8835,2179415,698400,1669,696731
61,11.5394,2176476,698400,1665,696735
61,11.9824,2179478,698400,1667,696733
61,11.5417,2177239,698400,1667,696733
61,11.5289,2174929,698400,1668,696732
61,11.5177,2172400,698400,1666,696734
61,12.8805,2179543,698400,1669,696731
61,11.5391,2176774,698400,1665,696735
62,11.8678,2239187,698427,1643,696784
62,11.5599,2180559,698427,1638,696789
62,11.5096,2170998,698427,1642,696785
62,11.6178,2178086,698427,1640,696787
62,11.5652,2181780,698427,1637,696790
62,12.5984,2250871,698427,1645,696782
62,11.5362,2176088,698427,1639,696788
62,11.5428,2177771,698427,1643,696784
62,14.2222,2717927,698427,1649,696778
62,11.5657,2172554,698427,1645,696782
63,11.5154,2172242,698452,1618,696834
63,11.5425,2177386,698452,1616,696836
63,11.5978,2173881,698452,1613,696839
63,11.528,2174767,698452,1612,696840
63,11.5308,2175291,698452,1616,696836
63,11.5115,2171546,698452,1612,696840
63,11.6573,2182530,698452,1618,696834
63,29.2355,3077701,698452,1644,696808
63,11.5133,2171706,698452,1612,696840
63,11.5109,2171216,698452,1611,696841
64,11.5167,2172512,698477,1590,696887
64,11.5321,2175504,698477,1590,696887
64,11.5827,2176068,698477,1591,696886
64,11.5221,2173489,698477,1592,696885
64,11.5143,2172055,698477,1592,696885
64,17.116,2173675,698477,1590,696887
64,11.5176,2172566,698477,1589,696888
64,12.1877,2251140,698477,1607,696870
64,11.5164,2172809,698477,1589,696888
64,11.544,2177418,698477,1592,696885
65,11.5721,2173127,698501,1567,696934
65,11.5173,2172509,698501,1562,696939
65,11.5187,2172801,698501,1566,696935
65,11.8467,2235614,698501,1567,696934
65,11.5222,2173273,698501,1568,696933
65,11.5249,2173856,698501,1566,696935
65,11.5167,2172381,698501,1566,696935
65,14.2433,2708038,698501,1575,696926
65,11.5083,2171068,698501,1565,696936
65,18.8695,2243270,698501,1586,696915
66,11.5224,2173894,698524,1543,696981
66,11.8005,2226676,698524,1547,696977
66,15.4454,2914803,698524,1561,696963
66,11.5142,2172006,698524,1542,696982
66,11.5166,2172964,698524,1542,696982
66,22.4519,3178415,698524,1559,696965
66,11.6197,2192490,698524,1542,696982
66,11.5171,2172712,698524,1545,696979
66,11.5144,2172079,698524,1543,696981
66,11.492,2167698,698524,1544,696980
67,11.946,2173586,698547,1518,697029
67,13.0777,2170971,698547,1520,697027
67,11.4911,2168074,698547,1516,697031
67,12.8413,2174640,698547,1522,697025
67,11.5193,2174687,698547,1522,697025
67,11.5068,2170454,698547,1522,697025
67,11.8099,2228203,698547,1515,697032
67,11.6679,2177205,698547,1518,697029
67,11.5016,2169590,698547,1523,697024
67,11.5074,2170453,698547,1521,697026
68,11.4885,2167271,698569,1500,697069
68,11.4785,2165314,698569,1498,697071
68,11.4792,2165274,698569,1498,697071
68,12.9886,2166684,698569,1497,697072
68,12.1323,2174480,698569,1503,697066
68,11.5114,2171693,698569,1498,697071
68,11.4822,2166234,698569,1498,697071
68,11.4894,2167845,698569,1499,697070
68,11.4903,2167510,698569,1500,697069
68,11.5338,2166715,698569,1494,697075
69,11.5145,2172154,698590,1476,697114
69,11.5035,2169941,698590,1480,697110
69,11.5137,2172048,698590,1480,697110
69,11.5057,2170228,698590,1478,697112
69,11.5143,2172277,698590,1481,697109
69,11.5055,2170387,698590,1478,697112
69,12.6947,2172929,698590,1469,697121
69,11.4814,2165679,698590,1479,697111
69,11.4811,2165885,698590,1476,697114
69,11.4875,2166791,698590,1478,697112
70,11.5494,2168673,698611,1449,697162
70,11.5117,2171605,698611,1459,697152
70,11.5044,2170962,698611,1453,697158
70,11.5046,2170073,698611,1455,697156
70,11.495,2168671,698611,1460,697151
70,11.4904,2167664,698611,1456,697155
70,11.5016,2169442,698611,1454,697157
70,11.5049,2170061,698611,1457,697154
70,11.4876,2167545,698611,1456,697155
70,11.4954,2168363,698611,1454,697157
71,11.5935,2174420,698631,1438,697193
71,11.5963,2173467,698631,1435,697196
71,11.4832,2167134,698631,1436,697195
71,11.4824,2165910,698631,1436,697195
71,11.4844,2166538,698631,1436,697195
71,11.5024,2169949,698631,1436,697195
71,11.4981,2168822,698631,1436,697195
71,12.5899,2168683,698631,1441,697190
71,11.4982,2169214,698631,1439,697192
71,11.4745,2164486,698631,1438,697193
72,11.586,2173345,698651,1413,697238
72,11.4875,2167043,698651,1415,697236
72,11.4735,2164676,698651,1420,697231
72,11.4834,2166282,698651,1418,697233
72,11.4694,2163489,698651,1414,697237
72,11.4903,2167736,698651,1418,697233
72,11.4899,2168264,698651,1417,697234
72,11.6459,2177276,698651,1416,697235
72,11.4746,2165739,698651,1414,697237
72,12.0428,2250208,698651,1419,697232
73,11.4938,2168517,698670,1396,697274
73,11.4857,2166468,698670,1401,697269
73,11.4993,2169335,698670,1399,697271
73,11.4853,2166649,698670,1398,697272
73,11.5446,2168964,698670,1400,697270
73,11.5998,2173764,698670,1395,697275
73,11.4992,2169048,698670,1398,697272
73,11.4867,2167079,698670,1400,697270
73,11.4839,2168022,698670,1396,697274
73,15.2589,2896736,698670,1395,697275
74,11.958,2233970,698688,1391,697297
74,12.0471,2273254,698688,1383,697305
74,11.477,2165561,698688,1379,697309
74,11.4834,2166731,698688,1380,697308
74,11.8236,2216122,698688,1381,697307
74,11.4835,2166068,698688,1377,697311
74,11.4872,2167540,698688,1378,697310
74,11.5515,2167454,698688,1373,697315
74,11.4872,2167848,698688,1379,697309
74,11.4909,2170267,698688,1380,697308
75,11.4698,2164435,698706,1363,697343
75,11.4595,2162218,698706,1361,697345
75,11.498,2169083,698706,1360,697346
75,11.4721,2164124,698706,1364,697342
75,11.4589,2162407,698706,1363,697343
75,11.8384,2236204,698706,1365,697341
75,11.4721,2164496,698706,1360,697346
75,12.1827,2170455,698706,1362,697344
75,11.4637,2163080,698706,1360,697346
75,11.4624,2162471,698706,1357,697349
76,11.4667,2164678,698724,1340,697384
76,15.1544,2863803,698724,1363,697361
76,11.4694,2164082,698724,1346,697378
76,11.4701,2164081,698724,1344,697380
76,11.4544,2160540,698724,1341,697383
76,19.4593,2167171,698724,1350,697374
76,11.4549,2160953,698724,1345,697379
76,12.5741,2229057,698724,1359,697365
76,12.2121,2279832,698724,1357,697367
76,11.4748,2165859,698724,1341,697383
77,12.9056,2160671,698741,1326,697415
77,11.4611,2162388,698741,1328,697413
77,11.4729,2164783,698741,1325,697416
77,13.9328,2403238,698741,1348,697393
77,11.7807,2223076,698741,1325,697416
77,11.4497,2159710,698741,1323,697418
77,11.466,2162744,698741,1327,697414
77,11.4663,2163011,698741,1325,697416
77,11.4724,2164498,698741,1326,697415
77,11.4663,2164392,698741,1328,697413
78,11.4473,2160926,698757,1310,697447
78,11.4514,2160262,698757,1310,697447
78,18.2711,2162029,698757,1312,697445
78,11.4537,2161574,698757,1312,697445
78,11.8894,2243722,698757,1333,697424
78,11.4474,2159421,698757,1302,697455
78,11.4562,2161737,698757,1308,697449
78,11.4503,2160197,698757,1308,697449
78,11.4878,2168645,698757,1307,697450
78,11.7535,2218157,698757,1327,697430
79,11.5664,2160437,698774,1292,697482
79,11.4424,2159052,698774,1293,697481
79,11.4563,2161710,698774,1295,697479
79,11.5659,2163780,698774,1296,697478
79,11.8543,2161996,698774,1294,697480
79,11.4368,2158682,698774,1289,697485
79,11.4551,2160698,698774,1292,697482
79,11.4344,2157086,698774,1294,697480
79,11.4455,2159725,698774,1294,697480
79,11.4347,2156888,698774,1292,697482
80,11.4604,2161601,698790,1278,697512
80,11.4351,2156986,698790,1271,697519
80,11.4596,2161711,698790,1274,697516
80,11.4452,2158828,698790,1277,697513
80,11.702,2192423,698790,1297,697493
80,11.449,2160143,698790,1273,697517
80,11.4575,2161081,698790,1277,697513
80,11.457,2161028,698790,1277,697513
80,18.2427,3402765,698790,1293,697497
80,16.4889,3115823,698790,1309,697481
81,17.1639,3223130,698805,1274,697531
81,15.3488,2907551,698805,1274,697531
81,16.4582,3106676,698805,1260,697545
81,11.4588,2163209,698805,1266,697539
81,11.4402,2159652,698805,1267,697538
81,12.0219,2164571,698805,1261,697544
81,11.76,2220062,698805,1264,697541
81,12.5027,2359884,698805,1270,697535
81,11.4399,2158666,698805,1261,697544
81,11.4328,2157385,698805,1255,697550
82,11.4509,2160902,698820,1251,697569
82,17.0442,3218618,698820,1257,697563
82,19.6851,3611554,698820,1250,697570
82,11.4413,2158442,698820,1247,697573
82,13.3704,2167095,698820,1251,697569
82,14.0656,2162694,698820,1249,697571
82,17.6771,2162858,698820,1246,697574
82,11.7984,2160484,698820,1244,697576
82,12.1649,2162068,698820,1247,697573
82,12.2103,2162353,698820,1248,697572
83,12.3842,2161189,698835,1233,697602
83,11.7791,2156789,698835,1235,697600
83,11.7892,2158493,698835,1236,697599
83,11.7879,2158165,698835,1229,697606
83,11.4459,2158908,698835,1231,697604
83,11.4306,2156162,698835,1231,697604
83,17.5581,2158111,698835,1228,697607
83,16.4838,3115437,698835,1242,697593
83,11.54,2160581,698835,1235,697600
83,11.4288,2155723,698835,1232,697603
84,13.1964,2212026,698849,1226,697623
84,11.431,2156576,698849,1220,697629
84,11.4331,2156505,698849,1215,697634
84,11.4291,2155944,698849,1215,697634
84,11.4398,2157969,698849,1215,697634
84,11.4409,2158514,698849,1220,697629
84,11.6109,2165345,698849,1221,697628
84,11.4309,2157654,698849,1219,697630
84,11.4403,2158356,698849,1214,697635
84,11.5108,2158852,698849,1216,697633
85,11.442,2158603,698863,1205,697658
85,11.4267,2155367,698863,1206,697657
85,11.4466,2160021,698863,1202,697661
85,11.4306,2156615,698863,1209,697654
85,11.8254,2231289,698863,1208,697655
85,11.5236,2160596,698863,1204,697659
85,11.4322,2157894,698863,1210,697653
85,11.446,2159327,698863,1204,697659
85,11.4273,2155608,698863,1207,697656
85,11.4268,2155549,698863,1202,697661
86,11.4254,2155391,698877,1189,697688
86,11.4358,2157005,698877,1189,697688
86,11.4433,2159559,698877,1188,697689
86,11.4252,2155702,698877,1187,697690
86,11.4322,2156619,698877,1189,697688
86,11.429,2156182,698877,1187,697690
86,11.6846,2204550,698877,1192,697685
86,11.5463,2163028,698877,1194,697683
86,11.434,2157820,698877,1190,697687
86,11.4353,2157650,698877,1192,697685
87,12.8871,2192082,698890,1188,697702
87,11.4267,2155467,698890,1177,697713
87,17.9807,2161990,698890,1181,697709
87,11.4281,2155719,698890,1177,697713
87,11.4283,2155737,698890,1177,697713
87,12.3018,2303228,698890,1180,697710
87,12.2426,2210101,698890,1181,697709
87,11.4444,2159056,698890,1180,697710
87,11.5422,2163159,698890,1175,697715
87,11.9408,2253026,698890,1180,697710
88,11.533,2161911,698903,1161,697742
88,11.4676,2155637,698903,1165,697738
88,15.3733,2159710,698903,1165,697738
88,11.4221,2155112,698903,1167,697736
88,11.5093,2159332,698903,1166,697737
88,11.4288,2157077,698903,1168,697735
88,11.432,2156536,698903,1165,697738
88,19.0104,2155150,698903,1167,697736
88,11.4453,2158968,698903,1164,697739
88,11.4125,2152690,698903,1163,697740
89,11.4206,2157364,698916,1151,697765
89,11.4218,2154427,698916,1152,697764
89,11.4286,2157227,698916,1155,697761
89,11.5069,2157133,698916,1157,697759
89,11.4311,2156400,698916,1145,697771
89,11.4259,2155229,698916,1152,697764
89,11.4181,2153725,698916,1148,697768
89,11.4121,2152640,698916,1152,697764
89,11.4259,2155464,698916,1150,697766
89,11.43,2155880,698916,1152,697764
90,11.418,2154373,698928,1140,697788
90,11.4163,2154015,698928,1138,697790
90,12.8655,2155655,698928,1139,697789
90,11.4122,2152841,698928,1140,697788
90,14.2364,2164388,698928,1143,697785
90,11.4162,2153483,698928,1137,697791
90,11.4165,2153657,698928,1141,697787
90,12.0404,2256888,698928,1151,697777
90,11.4185,2153957,698928,1138,697790
90,11.4178,2153988,698928,1139,697789
91,13.2337,2508141,698941,1134,697807
91,11.4104,2152446,698941,1123,697818
91,11.4102,2153814,698941,1120,697821
91,12.6941,2395858,698941,1146,697795
91,11.4087,2152119,698941,1125,697816
91,11.4041,2151675,698941,1127,697814
91,11.4209,2154960,698941,1129,697812
91,11.4083,2151771,698941,1125,697816
91,11.41,2152879,698941,1125,697816
91,11.42,2156420,698941,1128,697813
92,11.4057,2151368,698953,1113,697840
92,11.4187,2153948,698953,1113,697840
92,11.403,2151059,698953,1111,697842
92,11.5069,2157612,698953,1118,697835
92,11.417,2153566,698953,1113,697840
92,11.4197,2154372,698953,1113,697840
92,11.4086,2152124,698953,1114,697839
92,11.4191,2153902,698953,1113,697840
92,11.41,2152161,698953,1111,697842
92,11.4056,2151550,698953,1115,697838
93,11.402,2151360,698964,1105,697859
93,11.4157,2153434,698964,1102,697862
93,11.3989,2150609,698964,1105,697859
93,11.5324,2157733,698964,1106,697858
93,11.3998,2150250,698964,1104,697860
93,11.3992,2150081,698964,1102,697862
93,11.405,2151506,698964,1103,697861
93,11.4156,2155212,698964,1107,697857
93,11.4051,2151494,698964,1104,697860
93,11.4061,2151572,698964,1099,697865
94,12.8727,2155233,698976,1091,697885
94,11.5206,2158645,698976,1091,697885
94,11.4003,2150563,698976,1089,697887
94,11.3923,2148954,698976,1095,697881
94,11.8524,2236915,698976,1095,697881
94,11.408,2152290,698976,1096,697880
94,11.4026,2151707,698976,1096,697880
94,11.4137,2153051,698976,1087,697889
94,11.4206,2154585,698976,1093,697883
94,11.7223,2212154,698976,1105,697871
95,11.4017,2150713,698987,1078,697909
95,11.3967,2149548,698987,1083,697904
95,11.3948,2149253,698987,1079,697908
95,11.4012,2150753,698987,1080,697907
95,11.5621,2165087,698987,1077,697910
95,11.4009,2150604,698987,1082,697905
95,11.4006,2150940,698987,1081,697906
95,11.3944,2149226,698987,1078,697909
95,11.3974,2151006,698987,1076,697911
95,11.3983,2150228,698987,1081,697906
96,11.3976,2149870,698998,1068,697930
96,11.7261,2212660,698998,1088,697910
96,11.4015,2150684,698998,1065,697933
96,11.3993,2150529,698998,1067,697931
96,11.4004,2150534,698998,1063,697935
96,12.1451,2291622,698998,1096,697902
96,11.5012,2158051,698998,1068,697930
96,11.9427,2155176,698998,1069,697929
96,11.3971,2151687,698998,1064,697934
96,11.4042,2150973,698998,1072,697926
97,11.4,2150306,699009,1063,697946
97,11.4121,2152935,699009,1058,697951
97,11.4117,2152619,699009,1058,697951
97,11.4071,2151558,699009,1058,697951
97,11.5131,2159650,699009,1061,697948
97,11.4063,2151981,699009,1058,697951
97,11.4013,2150852,699009,1059,697950
97,11.4627,2152834,699009,1057,697952
97,13.5596,2581314,699009,1063,697946
97,11.404,2151177,699009,1058,697951
98,11.385,2147732,699019,1048,697971
98,12.5716,2178573,699019,1050,697969
98,11.3902,2148337,699019,1046,697973
98,11.382,2146985,699019,1047,697972
98,11.382,2146931,699019,1045,697974
98,11.4038,2151125,699019,1050,697969
98,11.4339,2148477,699019,1052,697967
98,15.8573,3016020,699019,1054,697965
98,11.3845,2147526,699019,1052,697967
98,11.3976,2149989,699019,1047,697972
99,11.3815,2147085,699029,1036,697993
99,11.3811,2146851,699029,1035,697994
99,11.3938,2149718,699029,1036,697993
99,11.5019,2157037,699029,1039,697990
99,11.3963,2149799,699029,1036,697993
99,11.3887,2148395,699029,1032,697997
99,11.3842,2147433,699029,1036,697993
99,12.7321,2388028,699029,1045,697984
99,11.7739,2221999,699029,1047,697982
99,11.3818,2147437,699029,1040,697989
100,11.3774,2147241,699040,1028,698012
100,12.0001,2153448,699040,1029,698011
100,11.5354,2158734,699040,1028,698012
100,11.3774,2146192,699040,1023,698017
100,11.45,2150108,699040,1027,698013
100,11.3936,2149827,699040,1025,698015
100,11.48,2155078,699040,1029,698011
100,12.6682,2393415,699040,1032,698008
100,13.1955,2218283,699040,1050,697990
100,11.6532,2198847,699040,1030,698010
