3,12.208,2302592,866706,29,866677
3,15.4225,2932942,866706,53,866653
3,12.0042,2264574,866706,30,866676
3,11.9725,2258388,866706,34,866672
3,12.2073,2303135,866706,28,866678
3,11.9967,2262804,866706,34,866672
3,12.0322,2269508,866706,28,866678
3,12.076,2277649,866706,31,866675
3,12.5467,2280084,866706,36,866670
3,12.0313,2269255,866706,27,866679
4,12.4298,2345704,875040,33,875007
4,12.4295,2345327,875040,32,875008
4,12.7452,2363220,875040,43,874997
4,12.4312,2345120,875040,36,875004
4,12.5263,2350723,875040,33,875007
4,12.4737,2352739,875040,32,875008
4,12.9918,2348389,875040,30,875010
4,12.4752,2353678,875040,35,875005
4,12.4745,2353559,875040,36,875004
4,16.8259,3190867,875040,3366,871674
5,12.783,2413273,880040,30,880010
5,13.7977,2589691,880040,1383,878657
5,12.7603,2407895,880040,31,880009
5,15.3462,2898308,880040,3519,876521
5,12.7603,2409356,880040,29,880011
5,12.7626,2408252,880040,31,880009
5,12.7607,2408346,880040,25,880015
5,18.5545,2410065,880040,37,880003
5,14.2278,2410583,880040,40,880000
5,15.1234,2855768,880040,3191,876849
6,12.9161,2436518,883373,31,883342
6,13.1217,2478162,883373,52,883321
6,13.0174,2443677,883373,39,883334
6,12.9174,2436550,883373,39,883334
6,12.6469,2386180,883373,34,883339
6,12.9166,2437245,883373,39,883334
6,14.3849,2438879,883373,35,883338
6,20.1925,2782442,883373,2190,881183
6,12.7404,2402974,883373,34,883339
6,12.7394,2402884,883373,32,883341
7,13.042,2459881,885754,31,885723
7,13.042,2460016,885754,32,885722
7,13.4073,2516190,885754,47,885707
7,12.8915,2431409,885754,35,885719
7,13.1001,2461854,885754,33,885721
7,13.0426,2460231,885754,29,885725
7,13.0437,2460123,885754,33,885721
7,13.043,2461153,885754,34,885720
7,14.3144,2461729,885754,35,885719
7,13.0429,2460522,885754,30,885724
8,13.144,2479957,887540,27,887513
8,13.0738,2466253,887540,32,887508
8,13.0709,2465695,887540,30,887510
8,15.735,2489389,887540,68,887472
8,13.1372,2478262,887540,31,887509
8,13.1365,2481011,887540,27,887513
8,13.2688,2478418,887540,37,887503
8,13.0706,2465195,887540,31,887509
8,13.0712,2466664,887540,33,887507
8,13.0455,2460394,887540,32,887508
9,13.2102,2491935,888928,32,888896
9,13.2104,2491525,888928,30,888898
9,13.3124,2514028,888928,42,888886
9,13.4244,2533704,888928,53,888875
9,13.334,2498840,888928,39,888889
9,15.6529,2981561,888928,46,888882
9,13.2116,2491974,888928,28,888900
9,13.4295,2533279,888928,39,888889
9,13.6286,2570859,888928,39,888889
9,13.7699,2494387,888928,37,888891
10,13.1641,2482843,890040,31,890009
10,13.2694,2502809,890040,31,890009
10,13.3376,2500869,890040,40,890000
10,13.2701,2502871,890040,33,890007
10,13.2706,2504074,890040,36,890004
10,16.7248,3159397,890040,108,889932
10,13.2698,2503063,890040,33,890007
10,13.1649,2483284,890040,34,890006
10,14.4624,2503943,890040,30,890010
10,13.2704,2503113,890040,32,890008
11,13.2692,2502744,890949,27,890922
11,14.0652,2640455,890949,40,890909
11,13.2689,2502609,890949,28,890921
11,13.2692,2502923,890949,29,890920
11,15.3058,2674907,890949,36,890913
11,13.2702,2504540,890949,32,890917
11,13.2696,2502652,890949,32,890917
11,13.2976,2497761,890949,34,890915
11,13.6941,2583303,890949,373,890576
11,13.2701,2503205,890949,34,890915
12,13.3046,2509279,891706,38,891668
12,13.3052,2509521,891706,36,891670
12,13.3041,2509230,891706,31,891675
12,13.371,2509717,891706,39,891667
12,13.4073,2515309,891706,38,891668
12,13.3027,2508844,891706,30,891676
12,13.3042,2509156,891706,35,891671
12,17.9641,2511222,891706,36,891670
12,13.3042,2509202,891706,34,891672
12,13.3041,2509728,891706,34,891672
13,13.4096,2517033,892347,37,892310
13,14.148,2669881,892347,538,891809
13,13.3513,2518020,892347,28,892319
13,13.3519,2518419,892347,27,892320
13,13.2691,2503071,892347,25,892322
13,13.2295,2495581,892347,34,892313
13,13.3097,2510159,892347,26,892321
13,13.3521,2518169,892347,29,892318
13,13.3517,2518217,892347,31,892316
13,13.3411,2515892,892347,25,892322
14,15.2025,2866852,892897,7192,885705
14,15.2446,2874924,892897,7189,885708
14,15.3186,2885153,892897,7192,885705
14,15.2033,2867673,892897,7189,885708
14,15.229,2871960,892897,7176,885721
14,15.3811,2900703,892897,7188,885709
14,15.332,2881527,892897,7200,885697
14,15.2016,2866744,892897,7185,885712
14,15.1847,2863604,892897,7190,885707
14,15.738,2954501,892897,7273,885624
15,15.1446,2856104,893373,6693,886680
15,15.1584,2859069,893373,6698,886675
15,15.1539,2857834,893373,6697,886676
15,15.373,2873681,893373,6690,886683
15,15.6245,2947102,893373,6708,886665
15,15.157,2858465,893373,6693,886680
15,15.1442,2856188,893373,6697,886676
15,15.6503,2861882,893373,6697,886676
15,15.2491,2872692,893373,6693,886680
15,15.1936,2857188,893373,6701,886672
16,15.2346,2864091,893790,6278,887512
16,15.5729,2937721,893790,6283,887507
16,15.1027,2848280,893790,6280,887510
16,15.0391,2836196,893790,6277,887513
16,15.0558,2830966,893790,6282,887508
16,15.1334,2854435,893790,6285,887505
16,15.0158,2832099,893790,6281,887509
16,21.0522,2864491,893790,6282,887508
16,15.015,2831535,893790,6276,887514
16,15.0157,2831947,893790,6280,887510
17,15.0413,2836569,894157,5909,888248
17,15.0245,2834436,894157,5920,888237
17,15.0495,2838842,894157,5911,888246
17,15.0427,2836869,894157,5912,888245
17,15.4834,2921081,894157,5933,888224
17,14.9382,2817029,894157,5910,888247
17,15.096,2847043,894157,5910,888247
17,14.9602,2821207,894157,5913,888244
17,14.9297,2815689,894157,5914,888243
17,15.0766,2843285,894157,5915,888242
18,19.0545,2814550,894484,5587,888897
18,15.0079,2830291,894484,5583,888901
18,15.9483,2852534,894484,5593,888891
18,14.876,2805272,894484,5583,888901
18,14.9683,2809628,894484,5586,888898
18,14.8764,2805670,894484,5586,888898
18,14.8918,2808620,894484,5586,888898
18,15.2562,2878638,894484,5598,888886
18,14.8915,2809309,894484,5589,888895
18,15.0754,2829444,894484,5593,888891
19,15.3802,2796292,894776,5297,889479
19,19.5347,3689095,894776,5298,889478
19,14.8067,2792301,894776,5292,889484
19,14.9192,2814238,894776,5291,889485
19,15.8251,2989391,894776,5316,889460
19,15.1032,2851166,894776,5304,889472
19,14.8295,2797891,894776,5299,889477
19,14.8624,2815787,894776,5299,889477
19,14.8967,2811390,894776,5283,889493
19,22.007,3800009,894776,5321,889455
20,16.4306,2823773,895040,5036,890004
20,19.7792,2853552,895040,5036,890004
20,14.8627,2803304,895040,5026,890014
20,15.2417,2860697,895040,5041,889999
20,16.1742,3055794,895040,5040,890000
20,14.7823,2788386,895040,5031,890009
20,14.8192,2794688,895040,5030,890010
20,14.7841,2788365,895040,5023,890017
20,16.2973,2789214,895040,5023,890017
20,14.7824,2788073,895040,5028,890012
21,14.715,2775674,895278,4797,890481
21,14.7018,2772626,895278,4789,890489
21,14.886,2785640,895278,4796,890482
21,14.7942,2789865,895278,4789,890489
21,14.7033,2773100,895278,4793,890485
21,14.7193,2776032,895278,4791,890487
21,14.7655,2786429,895278,4790,890488
21,16.6753,2801087,895278,4796,890482
21,19.4098,3686333,895278,4803,890475
21,15.6292,2947511,895278,4810,890468
22,17.6304,2781682,895494,4575,890919
22,18.6486,2776733,895494,4575,890919
22,14.6677,2766275,895494,4579,890915
22,14.7205,2776278,895494,4576,890918
22,14.7114,2774527,895494,4576,890918
22,15.3167,2777828,895494,4578,890916
22,14.6655,2765983,895494,4570,890924
22,14.6542,2763681,895494,4577,890917
22,15.2957,2873366,895494,4581,890913
22,14.706,2773509,895494,4580,890914
23,16.055,2778722,895692,4372,891320
23,14.6448,2761835,895692,4377,891315
23,14.7489,2781420,895692,4374,891318
23,15.4859,2790322,895692,4377,891315
23,16.6373,2788423,895692,4377,891315
23,18.2652,2968229,895692,4406,891286
23,15.3755,2773840,895692,4384,891308
23,14.8208,2763468,895692,4382,891310
23,17.6073,2814416,895692,4392,891300
23,15.5668,2939405,895692,4389,891303
24,22.1259,4162526,895873,4222,891651
24,14.6841,2780551,895873,4210,891663
24,17.0408,2792317,895873,4205,891668
24,15.051,2804505,895873,4196,891677
24,15.2574,2883620,895873,4203,891670
24,15.371,2799506,895873,4199,891674
24,17.0764,2824295,895873,4203,891670
24,14.6235,2758109,895873,4195,891678
24,14.648,2762741,895873,4195,891678
24,14.5787,2749166,895873,4196,891677
25,14.578,2749537,896040,4027,892013
25,14.6399,2761886,896040,4027,892013
25,18.4264,2887710,896040,4050,891990
25,14.5551,2744964,896040,4022,892018
25,14.7439,2781918,896040,4032,892008
25,14.5524,2746015,896040,4028,892012
25,17.7339,2896015,896040,4047,891993
25,15.0132,2835847,896040,4033,892007
25,30.6233,3200351,896040,4064,891976
25,15.234,2811306,896040,4036,892004
26,14.538,2744176,896193,3876,892317
26,15.3814,2904598,896193,3896,892297
26,14.7982,2796241,896193,3870,892323
26,24.8614,4506945,896193,3896,892297
26,14.6383,2763105,896193,3875,892318
26,15.0363,2843245,896193,3880,892313
26,16.683,3151703,896193,3895,892298
26,14.9496,2748663,896193,3872,892321
26,14.5453,2743158,896193,3878,892315
26,14.6626,2756904,896193,3880,892313
27,14.5306,2740149,896336,3732,892604
27,15.9231,2748703,896336,3735,892601
27,14.4941,2733703,896336,3729,892607
27,14.4838,2731593,896336,3732,892604
27,14.8846,2807456,896336,3740,892596
27,14.5665,2747632,896336,3737,892599
27,14.4878,2732758,896336,3734,892602
27,22.7179,4285520,896336,3772,892564
27,14.8504,2805091,896336,3736,892600
27,17.9452,2872281,896336,3746,892590
28,16.6171,2805529,896468,3620,892848
28,14.4698,2729875,896468,3600,892868
28,15.739,2784510,896468,3609,892859
28,15.5482,2837382,896468,3622,892846
28,14.907,2755317,896468,3602,892866
28,14.4707,2729626,896468,3601,892867
28,14.4848,2731786,896468,3602,892866
28,22.7852,2741241,896468,3606,892862
28,15.1648,2861203,896468,3608,892860
28,20.4254,3020086,896468,3631,892837
29,14.8629,2728933,896591,3478,893113
29,14.8344,2799222,896591,3498,893093
29,14.832,2799107,896591,3479,893112
29,14.4257,2720548,896591,3484,893107
29,14.716,2776218,896591,3490,893101
29,14.4969,2734098,896591,3478,893113
29,14.4491,2725497,896591,3474,893117
29,15.023,2835661,896591,3483,893108
29,14.5891,2751978,896591,3480,893111
29,28.9649,3492623,896591,3502,893089
30,14.411,2719016,896706,3360,893346
30,14.619,2758527,896706,3375,893331
30,15.3206,2759063,896706,3367,893339
30,17.409,3285759,896706,3380,893326
30,14.4742,2730359,896706,3363,893343
30,14.4095,2717978,896706,3360,893346
30,14.4278,2721063,896706,3362,893344
30,14.4727,2729518,896706,3366,893340
30,14.3864,2713029,896706,3363,893343
30,16.4439,3063903,896706,3369,893337
31,14.4525,2725618,896814,3254,893560
31,17.5012,3140539,896814,3292,893522
31,14.3773,2711569,896814,3258,893556
31,14.3785,2711787,896814,3255,893559
31,14.617,2743214,896814,3258,893556
31,14.3825,2712470,896814,3251,893563
31,14.4489,2724987,896814,3254,893560
31,18.435,2726311,896814,3260,893554
31,14.3661,2709764,896814,3255,893559
31,16.4635,2728192,896814,3250,893564
32,14.3581,2708345,896915,3152,893763
32,14.4137,2719252,896915,3156,893759
32,14.4187,2719308,896915,3152,893763
32,14.4171,2718973,896915,3152,893763
32,14.4294,2722623,896915,3153,893762
32,14.4169,2719956,896915,3153,893762
32,14.4144,2718538,896915,3151,893764
32,14.3572,2707509,896915,3153,893762
32,14.4111,2719680,896915,3148,893767
32,14.3676,2710370,896915,3158,893757
33,14.3219,2701055,897009,3065,893944
33,14.6905,2770937,897009,3061,893948
33,14.4622,2718737,897009,3064,893945
33,14.4106,2717709,897009,3056,893953
33,14.3462,2705936,897009,3057,893952
33,21.2606,2712652,897009,3064,893945
33,15.4083,2719201,897009,3059,893950
33,14.3453,2705526,897009,3055,893954
33,16.1529,2706854,897009,3058,893951
33,14.3468,2705835,897009,3054,893955
34,14.4183,2710986,897098,2972,894126
34,14.4537,2714029,897098,2970,894128
34,14.3272,2701967,897098,2972,894126
34,14.315,2700275,897098,2972,894126
34,15.75,2750385,897098,2972,894126
34,14.3776,2711898,897098,2973,894125
34,19.233,2713460,897098,2975,894123
34,22.4445,4236016,897098,2987,894111
34,14.317,2700700,897098,2972,894126
34,14.3774,2711421,897098,2967,894131
35,14.3173,2700346,897182,2884,894298
35,15.4714,2710032,897182,2889,894293
35,14.32,2700702,897182,2890,894292
35,15.1775,2850198,897182,2892,894290
35,14.3157,2699802,897182,2883,894299
35,14.3609,2710740,897182,2886,894296
35,14.3171,2700220,897182,2886,894296
35,15.5832,2697356,897182,2884,894298
35,14.316,2700072,897182,2887,894295
35,14.2713,2691476,897182,2886,894296
36,14.2632,2690002,897262,2806,894456
36,14.3432,2705137,897262,2808,894454
36,14.7786,2787527,897262,2812,894450
36,14.2867,2694836,897262,2808,894454
36,15.525,2700870,897262,2810,894452
36,14.2596,2689691,897262,2810,894452
36,14.266,2690671,897262,2807,894455
36,14.5667,2731295,897262,2808,894454
36,14.3569,2707521,897262,2806,894456
36,14.3067,2698077,897262,2807,894455
37,14.3793,2702515,897337,2734,894603
37,14.2677,2690740,897337,2731,894606
37,14.4802,2731090,897337,2759,894578
37,14.3061,2698131,897337,2731,894606
37,14.3554,2693501,897337,2729,894608
37,14.2695,2691351,897337,2732,894605
37,14.5581,2746910,897337,2737,894600
37,14.382,2702033,897337,2733,894604
37,14.2437,2686271,897337,2731,894606
37,14.3061,2699803,897337,2731,894606
38,14.309,2698730,897408,2657,894751
38,14.2178,2681836,897408,2657,894751
38,14.2698,2691932,897408,2664,894744
38,14.333,2703524,897408,2660,894748
38,14.2744,2692076,897408,2660,894748
38,14.2701,2691503,897408,2665,894743
38,14.2636,2690072,897408,2659,894749
38,14.2698,2691350,897408,2662,894746
38,14.3239,2691825,897408,2660,894748
38,14.3127,2699426,897408,2659,894749
39,14.2368,2684889,897475,2594,894881
39,14.9245,2798595,897475,2600,894875
39,14.2804,2693325,897475,2590,894885
39,14.2385,2685380,897475,2595,894880
39,14.2244,2682517,897475,2597,894878
39,14.2185,2681437,897475,2593,894882
39,14.2842,2693904,897475,2592,894883
39,14.2371,2685019,897475,2593,894882
39,14.3016,2687442,897475,2594,894881
39,14.2097,2679962,897475,2596,894879
40,14.2402,2685519,897540,2531,895009
40,19.4939,3697289,897540,2530,895010
40,14.2409,2686029,897540,2526,895014
40,14.2784,2693286,897540,2524,895016
40,14.1887,2675925,897540,2533,895007
40,14.2556,2680837,897540,2533,895007
40,14.2822,2693957,897540,2525,895015
40,14.5557,2745866,897540,2549,894991
40,14.2413,2686071,897540,2528,895012
40,14.2816,2693470,897540,2531,895009
41,14.2223,2682560,897600,2472,895128
41,14.1799,2674524,897600,2467,895133
41,14.179,2674173,897600,2468,895132
41,14.2682,2691081,897600,2467,895133
41,14.1839,2675314,897600,2467,895133
41,14.7684,2786197,897600,2477,895123
41,14.2689,2681402,897600,2469,895131
41,14.2109,2680557,897600,2465,895135
41,14.1799,2674176,897600,2469,895131
41,14.2205,2682762,897600,2474,895126
42,14.2035,2679159,897659,2415,895244
42,14.9618,2787675,897659,2413,895246
42,14.2056,2679174,897659,2409,895250
42,14.2047,2678975,897659,2413,895246
42,14.3599,2691687,897659,2414,895245
42,14.2357,2685613,897659,2412,895247
42,14.2075,2679439,897659,2409,895250
42,14.2352,2684579,897659,2407,895252
42,14.2021,2678735,897659,2409,895250
42,14.2415,2687179,897659,2408,895251
43,14.1971,2677541,897714,2361,895353
43,14.3119,2685329,897714,2361,895353
43,14.2525,2688155,897714,2358,895356
43,14.2958,2687757,897714,2350,895364
43,14.3693,2711099,897714,2365,895349
43,14.1954,2678830,897714,2359,895355
43,14.3102,2689174,897714,2351,895363
43,14.1563,2669925,897714,2355,895359
43,14.2742,2677540,897714,2358,895356
43,14.1476,2669706,897714,2347,895367
44,14.1864,2676608,897767,2307,895460
44,14.1722,2673114,897767,2299,895468
44,14.1648,2673657,897767,2307,895460
44,20.0187,2682399,897767,2300,895467
44,14.1649,2671894,897767,2302,895465
44,18.5254,2710426,897767,2307,895460
44,14.1775,2674595,897767,2303,895464
44,15.8316,2988817,897767,2309,895458
44,14.315,2681191,897767,2306,895461
44,14.1573,2670696,897767,2300,895467
45,14.1778,2675012,897817,2252,895565
45,14.1823,2676154,897817,2251,895566
45,14.7789,2684702,897817,2255,895562
45,15.2302,2683776,897817,2256,895561
45,14.1779,2676355,897817,2254,895563
45,14.2159,2680972,897817,2246,895571
45,14.1806,2674239,897817,2254,895563
45,14.1816,2675540,897817,2249,895568
45,15.4539,2693748,897817,2259,895558
45,14.3291,2702531,897817,2252,895565
46,14.3625,2709635,897866,2227,895639
46,14.1164,2662663,897866,2207,895659
46,14.1695,2672500,897866,2204,895662
46,14.1661,2672873,897866,2202,895664
46,14.1737,2674226,897866,2205,895661
46,14.1678,2672573,897866,2197,895669
46,18.4505,3508418,897866,2213,895653
46,14.1177,2663351,897866,2198,895668
46,14.6408,2748568,897866,2219,895647
46,14.1754,2673248,897866,2205,895661
47,14.3235,2677439,897912,2158,895754
47,14.1132,2662292,897912,2162,895750
47,14.1732,2672838,897912,2157,895755
47,14.1508,2668771,897912,2156,895756
47,14.6619,2766050,897912,2158,895754
47,14.2505,2664654,897912,2159,895753
47,15.4764,2925005,897912,2159,895753
47,14.15,2668741,897912,2164,895748
47,14.5056,2683467,897912,2154,895758
47,14.1498,2669021,897912,2158,895754
48,21.7172,4098573,897956,2135,895821
48,14.1511,2669853,897956,2118,895838
48,14.1556,2670624,897956,2111,895845
48,14.1551,2670774,897956,2113,895843
48,15.5463,2658051,897956,2117,895839
48,14.3447,2696799,897956,2137,895819
48,14.1566,2670817,897956,2113,895843
48,14.6204,2740994,897956,2114,895842
48,14.1555,2671220,897956,2116,895840
48,14.5356,2743014,897956,2116,895840
49,14.3056,2676916,897999,2071,895928
49,14.1252,2664092,897999,2070,895929
49,14.7967,2671448,897999,2073,895926
49,18.635,3522636,897999,2086,895913
49,14.1828,2675559,897999,2071,895928
49,15.6225,2682615,897999,2072,895927
49,15.5037,2671332,897999,2072,895927
49,14.1296,2664720,897999,2073,895926
49,14.3128,2681267,897999,2072,895927
49,14.1289,2664660,897999,2068,895931
50,14.1291,2665789,898040,2034,896006
50,14.1616,2671441,898040,2028,896012
50,14.1349,2666165,898040,2030,896010
50,17.8595,3347899,898040,2048,895992
50,14.1636,2671981,898040,2026,896014
50,14.2547,2676702,898040,2030,896010
50,14.1409,2667029,898040,2034,896006
50,14.0645,2652287,898040,2022,896018
50,14.1819,2674949,898040,2031,896009
50,14.1401,2666684,898040,2032,896008
51,14.1151,2661805,898079,1991,896088
51,14.2741,2674175,898079,1988,896091
51,14.0625,2652271,898079,1988,896091
51,14.1143,2662112,898079,1990,896089
51,14.2482,2673469,898079,1993,896086
51,14.1679,2672210,898079,1995,896084
51,14.1637,2673196,898079,1991,896088
51,14.4474,2725628,898079,1990,896089
51,14.1565,2669976,898079,1987,896092
51,14.3063,2699911,898079,1992,896087
52,14.1085,2660682,898116,1956,896160
52,14.1052,2660323,898116,1948,896168
52,14.6959,2772301,898116,1976,896140
52,14.137,2666614,898116,1953,896163
52,14.1383,2666642,898116,1956,896160
52,14.1062,2660157,898116,1952,896164
52,14.1282,2665175,898116,1955,896161
52,14.2563,2674939,898116,1948,896168
52,14.1061,2660389,898116,1951,896165
52,14.0971,2658702,898116,1948,896168
53,14.112,2662045,898153,1919,896234
53,15.5969,2666152,898153,1921,896232
53,14.1396,2666852,898153,1908,896245
53,15.6163,2666900,898153,1922,896231
53,14.4078,2718312,898153,1919,896234
53,23.9481,2703769,898153,1921,896232
53,14.1038,2660708,898153,1915,896238
53,14.1121,2661820,898153,1915,896238
53,14.4381,2723448,898153,1942,896211
53,14.1052,2661294,898153,1919,896234
54,18.175,3393156,898188,1887,896301
54,14.6922,2663821,898188,1888,896300
54,21.5216,2762372,898188,1929,896259
54,14.0473,2649774,898188,1882,896306
54,14.3791,2705425,898188,1889,896299
54,14.1869,2664021,898188,1885,896303
54,14.2555,2691324,898188,1885,896303
54,14.0865,2657581,898188,1879,896309
54,16.7239,2684809,898188,1885,896303
54,14.1227,2664229,898188,1879,896309
55,14.9094,2790648,898221,1851,896370
55,14.0901,2657669,898221,1846,896375
55,14.159,2661149,898221,1850,896371
55,14.1235,2663492,898221,1850,896371
55,14.0906,2657893,898221,1850,896371
55,14.1211,2652533,898221,1849,896372
55,14.03,2647311,898221,1845,896376
55,14.0166,2643742,898221,1851,896370
55,14.0959,2658896,898221,1846,896375
55,14.0902,2657299,898221,1844,896377
56,15.4936,2657363,898254,1818,896436
56,14.0818,2655606,898254,1813,896441
56,14.1226,2663683,898254,1820,896434
56,14.0708,2653863,898254,1810,896444
56,14.1126,2661743,898254,1812,896442
56,14.0747,2656423,898254,1820,896434
56,14.1163,2662426,898254,1817,896437
56,14.1238,2663825,898254,1813,896441
56,14.0803,2655597,898254,1817,896437
56,14.0721,2653796,898254,1815,896439
57,14.0685,2653293,898285,1784,896501
57,14.2148,2663271,898285,1786,896499
57,14.581,2750709,898285,1788,896497
57,14.0689,2653219,898285,1780,896505
57,14.093,2658598,898285,1786,896499
57,14.0679,2653555,898285,1779,896506
57,15.4861,2914199,898285,1789,896496
57,14.0684,2653020,898285,1784,896501
57,14.0173,2643552,898285,1788,896497
57,15.9079,2727393,898285,1808,896477
58,17.9339,2660834,898315,1756,896559
58,14.0735,2654531,898315,1760,896555
58,20.66,2708375,898315,1766,896549
58,14.1016,2659887,898315,1754,896561
58,14.1011,2659470,898315,1753,896562
58,14.0658,2653187,898315,1759,896556
58,16.7206,3123600,898315,1761,896554
58,14.1989,2662810,898315,1749,896566
58,14.0653,2652914,898315,1751,896564
58,14.0627,2652360,898315,1753,896562
59,14.0783,2655246,898345,1723,896622
59,14.0612,2651922,898345,1723,896622
59,14.0784,2657397,898345,1722,896623
59,16.0011,2830127,898345,1730,896615
59,14.6486,2660225,898345,1725,896620
59,14.0881,2657131,898345,1723,896622
59,14.0796,2655287,898345,1726,896619
59,14.0647,2652937,898345,1722,896623
59,14.224,2669717,898345,1727,896618
59,14.2597,2690459,898345,1729,896616
60,14.0854,2656598,898373,1697,896676
60,14.224,2666502,898373,1699,896674
60,14.061,2652041,898373,1698,896675
60,14.1206,2667850,898373,1697,896676
60,14.0565,2650878,898373,1695,896678
60,22.9321,4333872,898373,1708,896665
60,22.7804,4301837,898373,1715,896658
60,22.425,4236362,898373,1698,896675
60,26.0882,4632973,898373,1701,896672
60,14.0835,2657872,898373,1687,896686
61,14.3337,2669334,898400,1671,896729
61,14.0784,2656652,898400,1664,896736
61,29.9794,4300874,898400,1699,896701
61,16.0819,3035826,898400,1687,896713
61,14.9992,2831391,898400,1676,896724
61,20.434,3860044,898400,1677,896723
61,25.0157,4312339,898400,1686,896714
61,16.5769,2806471,898400,1699,896701
61,14.6704,2663344,898400,1667,896733
61,15.5576,2690846,898400,1673,896727
62,17.6058,3020935,898427,1680,896747
62,15.9096,2648333,898427,1639,896788
62,15.9108,2647790,898427,1647,896780
62,15.9888,2653970,898427,1644,896783
62,15.3932,2646879,898427,1642,896785
62,15.394,2647357,898427,1643,896784
62,15.0052,2659089,898427,1640,896787
62,23.574,2651117,898427,1645,896782
62,15.335,2637207,898427,1641,896786
62,19.9913,2653392,898427,1647,896780
63,14.8451,2636014,898452,1619,896833
63,15.1156,2657516,898452,1623,896829
63,15.4274,2739157,898452,1609,896843
63,14.4596,2647100,898452,1618,896834
63,14.4646,2648286,898452,1613,896839
63,14.4574,2646852,898452,1618,896834
63,14.4778,2650946,898452,1608,896844
63,21.7949,3995521,898452,1641,896811
63,24.3111,4051922,898452,1625,896827
63,24.5892,3823781,898452,1641,896811
64,18.157,2722308,898477,1604,896873
64,23.3397,3369538,898477,1613,896864
64,28.6413,4138282,898477,1617,896860
64,19.7372,2739167,898477,1602,896875
64,20.3228,2820742,898477,1604,896873
64,19.0796,2646268,898477,1593,896884
64,19.001,2635949,898477,1594,896883
64,18.3426,2646139,898477,1593,896884
64,18.4629,2652061,898477,1595,896882
64,35.7848,4324074,898477,1603,896874
65,18.5054,2655034,898501,1570,896931
65,27.851,4021881,898501,1578,896923
65,32.3817,4472265,898501,1587,896914
65,35.437,4459096,898501,1589,896912
65,33.9028,4515882,898501,1571,896930
65,19.9956,2665428,898501,1571,896930
65,19.7886,2636213,898501,1557,896944
65,19.4376,2696334,898501,1568,896933
65,18.6079,2656762,898501,1565,896936
65,18.3445,2646636,898501,1569,896932
66,28.3149,4245508,898524,1589,896935
66,17.7178,2654762,898524,1550,896974
66,17.0262,2644599,898524,1544,896980
66,16.4709,2650308,898524,1546,896978
66,15.8867,2643796,898524,1548,896976
66,17.6878,2947621,898524,1558,896966
66,16.0411,2650775,898524,1549,896975
66,15.8223,2633598,898524,1539,896985
66,15.9397,2652542,898524,1545,896979
66,15.3782,2644228,898524,1546,896978
67,15.7426,2707556,898547,1526,897021
67,14.8962,2644975,898547,1523,897024
67,19.1014,2633543,898547,1530,897017
67,14.4558,2646323,898547,1523,897024
67,14.4574,2647700,898547,1524,897023
67,14.4453,2644841,898547,1526,897021
67,14.9978,2647333,898547,1522,897025
67,14.4445,2643980,898547,1518,897029
67,14.0057,2641800,898547,1524,897023
67,14.1599,2655131,898547,1520,897027
68,13.9498,2631156,898569,1502,897067
68,14.0128,2642614,898569,1500,897069
68,14.0107,2642652,898569,1497,897072
68,13.9458,2630070,898569,1498,897071
68,14.704,2776966,898569,1504,897065
68,14.5936,2755836,898569,1521,897048
68,15.5327,2844470,898569,1504,897065
68,14.5857,2670308,898569,1508,897061
68,14.0112,2642903,898569,1496,897073
68,13.9545,2632391,898569,1504,897065
69,14.0255,2645719,898590,1479,897111
69,14.0103,2642291,898590,1482,897108
69,14.017,2643765,898590,1479,897111
69,14.1054,2644679,898590,1480,897110
69,14.0178,2644078,898590,1483,897107
69,14.2533,2657563,898590,1482,897108
69,14.2735,2649754,898590,1480,897110
69,24.1814,4162651,898590,1489,897101
69,23.4095,3772513,898590,1512,897078
69,27.0458,4056068,898590,1485,897105
70,30.043,4337447,898611,1496,897115
70,20.3027,2818455,898611,1469,897142
70,25.1803,3463391,898611,1476,897135
70,19.4576,2699744,898611,1481,897130
70,29.3277,3771661,898611,1477,897134
70,18.9438,2627582,898611,1456,897155
70,19.0468,2642871,898611,1462,897149
70,29.9845,4093719,898611,1478,897133
70,29.9984,4165258,898611,1464,897147
70,19.417,2694004,898611,1455,897156
71,22.6431,2647038,898631,1437,897194
71,19.0434,2641180,898631,1441,897190
71,20.9454,2907237,898631,1440,897191
71,19.2191,2646914,898631,1438,897193
71,18.5665,2643072,898631,1437,897194
71,22.7416,2640682,898631,1441,897190
71,28.8218,4124827,898631,1454,897177
71,33.0098,4578970,898631,1437,897194
71,34.7575,4632399,898631,1444,897187
71,32.6531,4349416,898631,1432,897199
72,20.8802,2755867,898651,1427,897224
72,20.1626,2659176,898651,1418,897233
72,25.2589,2750788,898651,1433,897218
72,20.4178,2644685,898651,1417,897234
72,30.5788,4082117,898651,1429,897222
72,19.8617,2645047,898651,1418,897233
72,20.3309,2806742,898651,1428,897223
72,19.0577,2643691,898651,1417,897234
72,24.8384,3447589,898651,1424,897227
72,19.0307,2639881,898651,1419,897232
73,19.3745,2687136,898670,1397,897273
73,19.9225,2765195,898670,1412,897258
73,19.0244,2639384,898670,1401,897269
73,19.1161,2652372,898670,1394,897276
73,18.5486,2656117,898670,1397,897273
73,17.6177,2638394,898670,1398,897272
73,27.7479,4161974,898670,1412,897258
73,28.7004,3955920,898670,1426,897244
73,22.0671,2662655,898670,1399,897271
73,19.0639,2644517,898670,1402,897268
74,18.2895,2638136,898688,1381,897307
74,17.729,2641172,898688,1384,897304
74,16.3206,2625650,898688,1384,897304
74,15.8848,2633476,898688,1386,897302
74,15.8713,2641424,898688,1381,897307
74,21.1046,2641873,898688,1382,897306
74,15.2318,2704131,898688,1390,897298
74,23.1457,3950005,898688,1404,897284
74,23.821,3804443,898688,1407,897281
74,38.8787,4513959,898688,1421,897267
75,40.0895,4505010,898706,1363,897343
75,30.8916,4455936,898706,1377,897329
75,18.4502,2646630,898706,1357,897349
75,18.357,2648016,898706,1370,897336
75,18.5147,2650504,898706,1367,897339
75,23.8089,3577492,898706,1387,897319
75,28.2708,2628136,898706,1363,897343
75,29.2323,4218723,898706,1379,897327
75,18.2881,2637943,898706,1362,897344
75,18.4003,2644623,898706,1361,897345
76,17.5223,2624454,898724,1343,897381
76,18.0854,2711243,898724,1370,897354
76,18.5159,2647760,898724,1346,897378
76,17.5993,2635844,898724,1350,897374
76,16.8958,2624708,898724,1343,897381
76,16.9684,2636450,898724,1344,897380
76,16.3175,2624694,898724,1346,897378
76,15.8477,2637100,898724,1345,897379
76,15.2592,2623950,898724,1348,897376
76,15.3262,2635685,898724,1346,897378
77,15.3279,2636285,898741,1328,897413
77,15.9298,2740311,898741,1337,897404
77,14.8671,2638887,898741,1326,897415
77,14.8412,2634673,898741,1332,897409
77,14.3917,2636551,898741,1337,897404
77,14.4026,2636720,898741,1332,897409
77,14.7085,2697714,898741,1329,897412
77,15.0867,2656573,898741,1332,897409
77,15.8244,2702833,898741,1329,897412
77,17.4317,2894144,898741,1350,897391
78,15.8316,2635634,898757,1311,897446
78,17.0494,2640839,898757,1309,897448
78,15.4288,2638900,898757,1316,897441
78,15.3834,2632579,898757,1308,897449
78,14.7589,2619812,898757,1313,897444
78,16.9385,3007486,898757,1343,897414
78,15.4898,2752684,898757,1314,897443
78,14.7778,2623411,898757,1311,897446
78,14.9629,2640201,898757,1314,897443
78,14.8102,2711727,898757,1331,897426
79,14.3868,2633585,898774,1297,897477
79,14.5019,2639711,898774,1299,897475
79,14.3897,2633919,898774,1298,897476
79,14.0795,2642193,898774,1299,897475
79,13.9672,2635475,898774,1292,897482
79,13.9838,2638443,898774,1294,897480
79,14.1152,2641034,898774,1300,897474
79,20.3147,3585803,898774,1309,897465
79,32.542,3994276,898774,1325,897449
79,30.1707,4494793,898774,1299,897475
80,18.5878,2668885,898790,1284,897506
80,26.1938,3750147,898790,1287,897503
80,18.9955,2635279,898790,1284,897506
80,19.4007,2691914,898790,1301,897489
80,19.0367,2641064,898790,1272,897518
80,19.2186,2636843,898790,1279,897511
80,19.2519,2653682,898790,1279,897511
80,30.9247,4219191,898790,1288,897502
80,30.4288,4056740,898790,1297,897493
80,35.986,4593062,898790,1281,897509
81,48.5693,4603317,898805,1289,897516
81,33.0871,4225474,898805,1260,897545
81,20.6524,2635816,898805,1260,897545
81,22.3485,2977915,898805,1289,897516
81,19.7931,2635714,898805,1266,897539
81,18.2515,2632578,898805,1267,897538
81,18.2685,2635871,898805,1266,897539
81,17.593,2635098,898805,1266,897539
81,16.8658,2619563,898805,1261,897544
81,17.5924,2816655,898805,1287,897518
82,16.4786,2633546,898820,1253,897567
82,15.8084,2630623,898820,1249,897571
82,15.3127,2633287,898820,1250,897570
82,15.3021,2631154,898820,1247,897573
82,14.8235,2631321,898820,1248,897572
82,14.8242,2631496,898820,1250,897570
82,14.8211,2630791,898820,1242,897578
82,14.2988,2617785,898820,1250,897570
82,13.9487,2631287,898820,1246,897574
82,13.9523,2631467,898820,1249,897571
83,13.9785,2637077,898835,1231,897604
83,13.955,2632018,898835,1235,897600
83,13.9537,2631686,898835,1236,897599
83,14.7243,2784227,898835,1248,897587
83,13.9554,2633002,898835,1236,897599
83,14.2849,2679508,898835,1247,897588
83,14.1288,2668594,898835,1245,897590
83,14.6555,2750933,898835,1255,897580
83,14.0688,2636965,898835,1235,897600
83,15.4116,2825436,898835,1254,897581
84,14.3828,2632958,898849,1216,897633
84,19.3565,2628372,898849,1219,897630
84,15.494,2840528,898849,1223,897626
84,14.3895,2633902,898849,1220,897629
84,14.4609,2632828,898849,1220,897629
84,14.9347,2634762,898849,1224,897625
84,13.8837,2618373,898849,1216,897633
84,13.9407,2629576,898849,1220,897629
84,18.1631,2634354,898849,1225,897624
84,13.9489,2630493,898849,1222,897627
85,13.8719,2616436,898863,1202,897661
85,19.7281,3731437,898863,1217,897646
85,14.3745,2632254,898863,1206,897657
85,18.5554,2636840,898863,1209,897654
85,14.3749,2631217,898863,1205,897658
85,14.3724,2631006,898863,1202,897661
85,13.9531,2631266,898863,1204,897659
85,13.954,2632107,898863,1207,897656
85,13.8737,2616689,898863,1210,897653
85,13.9518,2631524,898863,1209,897654
86,14.0535,2637610,898877,1197,897680
86,19.745,3757678,898877,1200,897677
86,13.8682,2615650,898877,1192,897685
86,13.9375,2628700,898877,1195,897682
86,14.0536,2636413,898877,1189,897688
86,13.9407,2629244,898877,1186,897691
86,13.9515,2631411,898877,1189,897688
86,13.8861,2619352,898877,1188,897689
86,13.9428,2629605,898877,1190,897687
86,13.8691,2615519,898877,1190,897687
87,14.5123,2645429,898890,1190,897700
87,13.8666,2615367,898890,1177,897713
87,20.4611,2630251,898890,1180,897710
87,14.5098,2634052,898890,1174,897716
87,13.9535,2631655,898890,1178,897712
87,20.5562,2632761,898890,1180,897710
87,13.9423,2629506,898890,1181,897709
87,13.9237,2616679,898890,1179,897711
87,13.9592,2632836,898890,1178,897712
87,13.9676,2634484,898890,1180,897710
88,13.942,2630869,898903,1168,897735
88,14.3841,2713200,898903,1172,897731
88,13.8725,2616481,898903,1164,897739
88,13.9708,2621246,898903,1162,897741
88,13.9423,2629317,898903,1169,897734
88,13.9602,2632807,898903,1163,897740
88,14.2295,2684613,898903,1186,897717
88,13.9605,2633032,898903,1162,897741
88,13.9406,2629240,898903,1168,897735
88,14.0746,2659818,898903,1167,897736
89,13.9323,2628728,898916,1149,897767
89,13.975,2642130,898916,1156,897760
89,13.9305,2627702,898916,1148,897768
89,14.4049,2628319,898916,1154,897762
89,14.4918,2630818,898916,1162,897754
89,13.9314,2627664,898916,1154,897762
89,14.105,2644658,898916,1156,897760
89,13.9403,2629595,898916,1154,897762
89,13.8576,2613533,898916,1149,897767
89,13.9315,2627994,898916,1152,897764
90,15.2504,2619817,898928,1144,897784
90,13.9401,2628972,898928,1143,897785
90,15.709,2969864,898928,1155,897773
90,26.3008,4525887,898928,1149,897779
90,29.3663,4564030,898928,1145,897783
90,26.0606,3676548,898928,1147,897781
90,29.3193,4232411,898928,1151,897777
90,21.8214,2989115,898928,1167,897761
90,22.9348,2790692,898928,1151,897777
90,18.961,2630250,898928,1142,897786
91,18.9846,2632815,898941,1131,897810
91,26.7142,3719282,898941,1153,897788
91,18.8447,2614300,898941,1125,897816
91,18.513,2671211,898941,1133,897808
91,28.9234,4149835,898941,1139,897802
91,18.6622,2657888,898941,1136,897805
91,28.2745,3870030,898941,1153,897788
91,32.4904,4510349,898941,1136,897805
91,19.3685,2687395,898941,1127,897814
91,19.0345,2640279,898941,1128,897813
92,18.2438,2631126,898953,1114,897839
92,23.1829,2631127,898953,1119,897834
92,18.3539,2852159,898953,1128,897825
92,24.1439,3719824,898953,1198,897755
92,17.0519,2629004,898953,1118,897835
92,16.3283,2626474,898953,1114,897839
92,15.8006,2629359,898953,1109,897844
92,21.3261,2630864,898953,1112,897841
92,15.2549,2625923,898953,1120,897833
92,15.1983,2614065,898953,1113,897840
93,15.9621,2745287,898964,1112,897852
93,15.3951,2635008,898964,1106,897858
93,16.0189,2630864,898964,1112,897852
93,14.8235,2631869,898964,1107,897857
93,14.7931,2625813,898964,1101,897863
93,22.1511,2702836,898964,1118,897846
93,14.3746,2631314,898964,1103,897861
93,13.8531,2612875,898964,1104,897860
93,13.9938,2630876,898964,1115,897849
93,22.1716,3941426,898964,1125,897839
94,24.2812,3912604,898976,1131,897845
94,18.1687,2655491,898976,1095,897881
94,29.2683,4372906,898976,1136,897840
94,22.3484,2891410,898976,1106,897870
94,19.9019,2832266,898976,1104,897872
94,26.0548,3921448,898976,1121,897855
94,17.7113,2633551,898976,1095,897881
94,17.3897,2688401,898976,1108,897868
94,16.3212,2625829,898976,1099,897877
94,16.7062,2691550,898976,1103,897873
95,15.7811,2626414,898987,1080,897907
95,15.273,2626623,898987,1082,897905
95,15.271,2626043,898987,1083,897904
95,14.7955,2626283,898987,1082,897905
95,24.9958,4164582,898987,1096,897891
95,27.3172,4247217,898987,1099,897888
95,17.9129,2684763,898987,1079,897908
95,18.0993,2612165,898987,1069,897918
95,18.5011,2636722,898987,1085,897902
95,18.2216,2629153,898987,1082,897905
96,32.2568,4457087,898998,1079,897919
96,18.3899,2637031,898998,1070,897928
96,18.1059,2612061,898998,1070,897928
96,22.0951,2736239,898998,1073,897925
96,17.6422,2630836,898998,1072,897926
96,31.0722,4482646,898998,1090,897908
96,26.8439,3880526,898998,1096,897902
96,37.351,3875444,898998,1106,897892
96,19.0572,2645154,898998,1069,897929
96,23.3962,2797790,898998,1073,897925
97,19.736,2628875,899009,1055,897954
97,31.1039,4317386,899009,1074,897935
97,23.801,3319865,899009,1094,897915
97,18.8185,2610803,899009,1063,897946
97,18.1906,2625245,899009,1062,897947
97,18.1045,2611924,899009,1061,897948
97,17.6258,2625733,899009,1061,897948
97,16.971,2626613,899009,1056,897953
97,16.309,2624261,899009,1064,897945
97,22.816,2710252,899009,1079,897930
98,15.7924,2628488,899019,1049,897970
98,15.765,2711784,899019,1054,897965
98,15.266,2625263,899019,1049,897970
98,28.6496,4580578,899019,1063,897956
98,29.0417,4517638,899019,1062,897957
98,24.6287,3565672,899019,1083,897936
98,28.9692,4183305,899019,1101,897918
98,18.9425,2627415,899019,1049,897970
98,29.303,3095214,899019,1086,897933
98,20.2134,2806573,899019,1057,897962
99,29.9503,4164496,899029,1061,897968
99,18.92,2624395,899029,1036,897993
99,18.1887,2624614,899029,1043,897986
99,18.1934,2624262,899029,1042,897987
99,18.1939,2624795,899029,1039,897990
99,18.1896,2624105,899029,1042,897987
99,21.645,3137490,899029,1069,897960
99,20.8943,2625105,899029,1040,897989
99,18.1887,2624507,899029,1039,897990
99,27.0806,3908287,899029,1060,897969
100,19.2329,2643712,899040,1030,898010
100,18.9208,2625316,899040,1021,898019
100,20.6649,2611320,899040,1027,898013
100,34.5717,4579653,899040,1034,898006
100,32.3218,4285214,899040,1034,898006
100,18.9203,2624403,899040,1026,898014
100,19.1388,2638616,899040,1033,898007
100,28.7664,2921789,899040,1073,897967
100,19.1871,2662776,899040,1025,898015
100,18.9229,2625373,899040,1029,898011
