3,10.0307,1893372,466706,32,466674
3,9.90977,1870537,466706,25,466681
3,9.90805,1869458,466706,26,466680
3,9.86913,1863013,466706,21,466685
3,9.86968,1862772,466706,23,466683
3,9.86925,1862662,466706,21,466685
3,10.7336,2028356,466706,27,466679
3,12.0837,2282577,466706,33,466673
3,9.90753,1869298,466706,24,466682
3,9.90784,1869191,466706,22,466684
4,10.2176,1927606,475040,29,475011
4,10.2175,1928562,475040,22,475018
4,10.2172,1927565,475040,28,475012
4,12.63,1956238,475040,41,474999
4,10.1228,1909959,475040,21,475019
4,10.2184,1927756,475040,26,475014
4,10.1249,1910745,475040,28,475012
4,10.218,1927843,475040,27,475013
4,10.1235,1910030,475040,24,475016
4,10.2184,1927812,475040,28,475012
5,16.1776,1964110,480040,27,480013
5,10.6229,2004946,480040,30,480010
5,10.4037,1962691,480040,25,480015
5,10.5123,1969901,480040,31,480009
5,10.4052,1962913,480040,28,480012
5,10.4041,1963383,480040,27,480013
5,11.4539,2059243,480040,870,479170
5,10.4042,1962729,480040,26,480014
5,10.405,1962973,480040,27,480013
5,10.4039,1962709,480040,27,480013
6,10.5284,1986780,483373,32,483341
6,10.5277,1986021,483373,25,483348
6,10.5283,1986828,483373,29,483344
6,10.5286,1986088,483373,29,483344
6,13.9816,2660281,483373,5406,477967
6,10.5205,1984392,483373,26,483347
6,10.528,1987459,483373,29,483344
6,10.5277,1986478,483373,26,483347
6,12.4792,1997013,483373,90,483283
6,10.5251,1985604,483373,29,483344
7,11.8892,2246363,485754,35,485719
7,10.5733,1995130,485754,28,485726
7,10.5412,1989600,485754,28,485726
7,14.3991,2604857,485754,5549,480205
7,10.5708,1994999,485754,21,485733
7,10.5412,1988737,485754,24,485730
7,12.3442,1996382,485754,27,485727
7,11.3959,2131092,485754,439,485315
7,10.5415,1989677,485754,30,485724
7,10.692,2001382,485754,30,485724
8,10.6158,2002623,487540,25,487515
8,10.683,2015039,487540,25,487515
8,10.6832,2015322,487540,30,487510
8,10.6832,2016581,487540,27,487513
8,10.6177,2003185,487540,32,487508
8,10.6823,2015198,487540,22,487518
8,10.8216,2018692,487540,29,487511
8,10.6837,2015510,487540,29,487511
8,10.6826,2015381,487540,21,487519
8,10.7857,2020276,487540,34,487506
9,10.7793,2026236,488928,31,488897
9,10.7333,2025029,488928,23,488905
9,10.7337,2025518,488928,26,488902
9,10.7349,2025965,488928,27,488901
9,10.734,2026132,488928,25,488903
9,10.8542,2034162,488928,33,488895
9,10.7341,2025426,488928,30,488898
9,12.3856,2048518,488928,37,488891
9,11.5553,2028605,488928,35,488893
9,10.7346,2024956,488928,25,488903
10,10.7769,2033202,490040,30,490010
10,14.2073,2685259,490040,59,489981
10,10.777,2033624,490040,32,490008
10,10.774,2032384,490040,23,490017
10,10.7757,2032745,490040,29,490011
10,10.7761,2032865,490040,31,490009
10,10.7763,2032969,490040,32,490008
10,10.7734,2032780,490040,29,490011
10,10.9146,2041845,490040,34,490006
10,10.9084,2060715,490040,67,489973
11,10.8099,2040933,490949,29,490920
11,10.814,2040567,490949,45,490904
11,10.9705,2049802,490949,29,490920
11,11.4129,2155338,490949,75,490874
11,10.8104,2039508,490949,30,490919
11,15.4593,2041668,490949,37,490912
11,10.8104,2039387,490949,30,490919
11,10.8098,2039711,490949,26,490923
11,10.8113,2040803,490949,30,490919
11,12.8954,2359967,490949,1703,489246
12,11.4009,2048451,491706,31,491675
12,10.954,2045573,491706,28,491678
12,11.0913,2093297,491706,38,491668
12,10.9599,2046704,491706,35,491671
12,10.8379,2045035,491706,28,491678
12,10.8384,2045043,491706,37,491669
12,11.55,2182843,491706,36,491670
12,10.8388,2045256,491706,27,491679
12,10.8377,2044647,491706,25,491681
12,10.8391,2044933,491706,32,491674
13,10.8622,2048985,492347,27,492320
13,11.2756,2129822,492347,44,492303
13,10.8615,2049771,492347,27,492320
13,10.8609,2048938,492347,25,492322
13,10.8617,2048681,492347,27,492320
13,10.862,2049049,492347,29,492318
13,10.82,2041448,492347,28,492319
13,13.837,2635466,492347,60,492287
13,10.8612,2048962,492347,26,492321
13,10.8622,2048992,492347,33,492314
14,10.882,2052745,492897,28,492869
14,10.8823,2053449,492897,30,492867
14,10.8815,2052478,492897,25,492872
14,10.8819,2053875,492897,29,492868
14,10.8819,2052677,492897,27,492870
14,11.259,2072242,492897,36,492861
14,10.8829,2053048,492897,31,492866
14,10.8815,2052865,492897,29,492868
14,10.8826,2052896,492897,27,492870
14,10.8824,2052802,492897,29,492868
15,10.8994,2056057,493373,25,493348
15,10.9,2056239,493373,30,493343
15,10.901,2056767,493373,26,493347
15,10.8999,2056123,493373,24,493349
15,10.952,2057141,493373,33,493340
15,17.9379,2057560,493373,33,493340
15,10.9505,2067913,493373,40,493333
15,10.921,2063941,493373,106,493267
15,10.9008,2056281,493373,32,493341
15,11.0146,2062013,493373,35,493338
16,10.9146,2058814,493790,23,493767
16,11.2783,2128589,493790,62,493728
16,11.4462,2149038,493790,42,493748
16,11.0735,2064556,493790,35,493755
16,10.8813,2052544,493790,25,493765
16,11.0446,2084383,493790,27,493763
16,10.915,2060330,493790,27,493763
16,10.9158,2059570,493790,28,493762
16,15.0802,2820027,493790,62,493728
16,10.9145,2061126,493790,23,493767
17,12.1143,2210198,494157,35,494122
17,10.9301,2061872,494157,32,494125
17,10.928,2061480,494157,25,494132
17,11.0753,2071314,494157,32,494125
17,10.9286,2061849,494157,29,494128
17,11.0579,2068502,494157,33,494124
17,10.9287,2061380,494157,24,494133
17,10.9291,2061602,494157,24,494133
17,12.5602,2066118,494157,40,494117
17,10.9292,2061811,494157,31,494126
18,10.9408,2063903,494484,24,494460
18,11.2297,2064962,494484,27,494457
18,10.9412,2065008,494484,27,494457
18,11.2764,2128329,494484,36,494448
18,10.9403,2064096,494484,24,494460
18,10.9409,2063849,494484,26,494458
18,10.9405,2063779,494484,24,494460
18,10.9401,2064775,494484,24,494460
18,10.9399,2063938,494484,23,494461
18,11.0345,2069170,494484,24,494460
19,11.728,2214658,494776,36,494740
19,10.9516,2066301,494776,25,494751
19,10.9523,2065977,494776,30,494746
19,10.952,2065970,494776,27,494749
19,10.9511,2066340,494776,25,494751
19,10.9526,2066024,494776,32,494744
19,10.9518,2065828,494776,25,494751
19,11.4819,2067144,494776,29,494747
19,10.9518,2065846,494776,24,494752
19,10.952,2066003,494776,27,494749
20,12.8055,2127308,495040,37,495003
20,11.5225,2071755,495040,37,495003
20,10.9611,2068535,495040,23,495017
20,17.263,3262412,495040,4448,490592
20,10.9625,2069259,495040,30,495010
20,10.9616,2068328,495040,27,495013
20,10.9699,2071338,495040,29,495011
20,10.9774,2071307,495040,38,495002
20,11.2542,2069554,495040,28,495012
20,10.9614,2068058,495040,24,495016
21,11.2173,2117437,495278,36,495242
21,12.0765,2283267,495278,1075,494203
21,11.1266,2090601,495278,34,495244
21,10.9698,2070314,495278,21,495257
21,11.1646,2074098,495278,101,495177
21,11.2138,2116214,495278,34,495244
21,11.1136,2098333,495278,35,495243
21,10.9871,2072371,495278,87,495191
21,10.9953,2074270,495278,117,495161
21,10.9712,2069686,495278,35,495243
22,10.9785,2071194,495494,27,495467
22,16.0097,3026957,495494,35,495459
22,11.1115,2079405,495494,27,495467
22,10.9787,2071172,495494,28,495466
22,10.9792,2071425,495494,32,495462
22,10.9803,2071655,495494,32,495462
22,10.9777,2071426,495494,24,495470
22,10.9787,2071334,495494,27,495467
22,10.9781,2071649,495494,23,495471
22,10.9779,2070700,495494,25,495469
23,10.9852,2074171,495692,27,495665
23,12.6349,2130950,495692,40,495652
23,10.986,2072180,495692,28,495664
23,10.9863,2072389,495692,26,495666
23,12.4583,2088013,495692,27,495665
23,10.9856,2072536,495692,27,495665
23,11.0651,2073146,495692,32,495660
23,10.9865,2072534,495692,32,495660
23,10.9861,2072651,495692,29,495663
23,10.9864,2072587,495692,32,495660
24,10.9918,2073641,495873,25,495848
24,12.2386,2074673,495873,24,495849
24,10.9923,2074393,495873,27,495846
24,10.9916,2073765,495873,23,495850
24,10.9927,2073446,495873,28,495845
24,19.0058,2082115,495873,43,495830
24,10.9692,2069562,495873,25,495848
24,10.9924,2073820,495873,26,495847
24,11.2021,2119796,495873,26,495847
24,11.5228,2074967,495873,26,495847
25,10.9995,2074789,496040,30,496010
25,10.9983,2074551,496040,27,496013
25,10.9988,2074845,496040,30,496010
25,10.9996,2074919,496040,31,496009
25,10.9979,2074467,496040,24,496016
25,10.9987,2074604,496040,27,496013
25,10.9981,2075240,496040,22,496018
25,11.9082,2078052,496040,35,496005
25,11.9449,2140412,496040,257,495783
25,11.5303,2076735,496040,27,496013
26,12.0681,2276615,496193,3887,492306
26,12.193,2282767,496193,3894,492299
26,12.2208,2305645,496193,3897,492296
26,12.1649,2279105,496193,3896,492297
26,12.0779,2278685,496193,3887,492306
26,12.5889,2277682,496193,3899,492294
26,12.055,2274222,496193,3882,492311
26,12.061,2275176,496193,3883,492310
26,12.0476,2272522,496193,3886,492307
26,12.0831,2278990,496193,3883,492310
27,18.3113,2301860,496336,3732,492604
27,12.0288,2268857,496336,3728,492608
27,12.0769,2267518,496336,3728,492608
27,12.0315,2269913,496336,3730,492606
27,14.4733,2277644,496336,3741,492595
27,12.0445,2272074,496336,3723,492613
27,12.417,2342814,496336,3737,492599
27,12.0814,2267645,496336,3728,492608
27,13.5932,2592234,496336,3733,492603
27,12.0219,2267657,496336,3726,492610
28,12.0243,2268095,496468,3597,492871
28,12.0201,2267115,496468,3594,492874
28,12.011,2265896,496468,3597,492871
28,14.5854,2297357,496468,3611,492857
28,12.0241,2268312,496468,3593,492875
28,12.0117,2266030,496468,3593,492875
28,13.4828,2271580,496468,3603,492865
28,12.0089,2266258,496468,3596,492872
28,12.0076,2265031,496468,3598,492870
28,12.021,2267691,496468,3596,492872
29,11.9756,2258889,496591,3471,493120
29,16.7158,2286909,496591,3492,493099
29,11.9653,2257064,496591,3473,493118
29,12.1103,2269943,496591,3473,493118
29,11.981,2260362,496591,3472,493119
29,11.966,2256835,496591,3474,493117
29,13.4385,2260754,496591,3475,493116
29,11.9786,2259286,496591,3473,493118
29,13.5299,2265238,496591,3476,493115
29,11.9797,2260437,496591,3473,493118
30,11.9442,2252854,496706,3357,493349
30,12.025,2268467,496706,3360,493346
30,11.9587,2255901,496706,3358,493348
30,11.9261,2249394,496706,3358,493348
30,11.9383,2251883,496706,3358,493348
30,11.9581,2255769,496706,3360,493346
30,11.9408,2252524,496706,3359,493347
30,11.9582,2255638,496706,3355,493351
30,11.9483,2254071,496706,3359,493347
30,12.3578,2256187,496706,3361,493345
31,12.0793,2264130,496814,3256,493558
31,11.9201,2248716,496814,3250,493564
31,11.9401,2252283,496814,3250,493564
31,11.9243,2249484,496814,3249,493565
31,11.9208,2248803,496814,3251,493563
31,12.7063,2299419,496814,3253,493561
31,16.312,2393640,496814,3269,493545
31,11.9406,2252325,496814,3253,493561
31,11.9314,2250554,496814,3250,493564
31,12.2962,2320197,496814,3269,493545
32,11.8919,2243190,496915,3150,493765
32,11.902,2244926,496915,3150,493765
32,11.8965,2244027,496915,3151,493764
32,11.8904,2242938,496915,3151,493764
32,11.8938,2244888,496915,3149,493766
32,12.0087,2247819,496915,3151,493764
32,11.8786,2240476,496915,3150,493765
32,11.891,2242815,496915,3149,493766
32,12.3233,2249723,496915,3153,493762
32,11.903,2245315,496915,3150,493765
33,11.8697,2239212,497009,3055,493954
33,13.3376,2245511,497009,3065,493944
33,11.8544,2236626,497009,3057,493952
33,11.8751,2239836,497009,3058,493951
33,11.9261,2239528,497009,3056,493953
33,12.2256,2263927,497009,3051,493958
33,11.8682,2238803,497009,3058,493951
33,11.8695,2239320,497009,3055,493954
33,11.868,2239488,497009,3052,493957
33,11.8705,2239691,497009,3055,493954
34,11.8431,2233815,497098,2966,494132
34,11.8603,2237658,497098,2970,494128
34,12.4033,2340108,497098,2974,494124
34,11.8446,2234139,497098,2965,494133
34,11.8567,2236392,497098,2965,494133
34,11.8802,2242139,497098,2968,494130
34,11.9606,2239866,497098,2965,494133
34,11.8799,2241589,497098,2965,494133
34,11.845,2234387,497098,2968,494130
34,11.9097,2237620,497098,2964,494134
35,11.8314,2232612,497182,2881,494301
35,11.8275,2231196,497182,2880,494302
35,15.6633,2233762,497182,2884,494298
35,11.8268,2230990,497182,2884,494298
35,11.8426,2234069,497182,2881,494301
35,11.8188,2229431,497182,2884,494298
35,14.1297,2315518,497182,2905,494277
35,11.8428,2235893,497182,2883,494299
35,12.4639,2354018,497182,2910,494272
35,11.9614,2260401,497182,2874,494308
36,11.8392,2233482,497262,2801,494461
36,12.1722,2297992,497262,2806,494456
36,12.4119,2239888,497262,2811,494451
36,15.1461,2228102,497262,2803,494459
36,13.2962,2509697,497262,2807,494455
36,11.8013,2225904,497262,2806,494456
36,11.8402,2233214,497262,2805,494457
36,11.87,2241149,497262,2807,494455
36,11.8349,2232356,497262,2804,494458
36,11.8361,2232915,497262,2807,494455
37,11.8955,2244691,497337,2724,494613
37,16.3134,3081279,497337,2745,494592
37,27.3594,3129276,497337,3915,493422
37,16.2611,3042307,497337,2742,494595
37,11.8067,2228967,497337,2723,494614
37,12.8062,2421198,497337,2737,494600
37,11.7965,2226344,497337,2726,494611
37,11.9688,2233409,497337,2731,494606
37,11.7938,2225543,497337,2721,494616
37,11.7951,2226391,497337,2726,494611
38,11.77,2220711,497408,2654,494754
38,11.7858,2224066,497408,2656,494752
38,14.5623,2652253,497408,2659,494749
38,11.7819,2223419,497408,2655,494753
38,21.783,2226867,497408,2656,494752
38,11.7864,2223736,497408,2656,494752
38,12.3587,2228002,497408,2655,494753
38,11.7704,2220502,497408,2656,494752
38,11.7763,2221455,497408,2660,494748
38,11.8526,2222731,497408,2656,494752
39,11.743,2216297,497475,2591,494884
39,11.7781,2221842,497475,2588,494887
39,11.7767,2222286,497475,2590,494885
39,11.7547,2217363,497475,2585,494890
39,11.7828,2223542,497475,2589,494886
39,11.7754,2221037,497475,2584,494891
39,17.1655,3241928,497475,2619,494856
39,11.7633,2218796,497475,2590,494885
39,13.9129,2653690,497475,2590,494885
39,13.5769,2221874,497475,2599,494876
40,15.7973,2218704,497540,2527,495013
40,11.7677,2219671,497540,2526,495014
40,11.7505,2216499,497540,2528,495012
40,11.7452,2215407,497540,2527,495013
40,11.7456,2215395,497540,2529,495011
40,11.7456,2215424,497540,2529,495011
40,11.7618,2219671,497540,2523,495017
40,11.7474,2215918,497540,2522,495018
40,11.8992,2230018,497540,2524,495016
40,11.7449,2215623,497540,2527,495013
41,11.7229,2211350,497600,2466,495134
41,11.719,2212808,497600,2466,495134
41,11.7242,2211484,497600,2459,495141
41,15.388,2888253,497600,2483,495117
41,11.7204,2210759,497600,2467,495133
41,11.7302,2212514,497600,2465,495135
41,11.7194,2210748,497600,2466,495134
41,12.1361,2292057,497600,2468,495132
41,11.733,2214594,497600,2463,495137
41,12.2932,2216326,497600,2473,495127
42,11.7156,2210064,497659,2409,495250
42,11.7176,2210296,497659,2404,495255
42,11.7217,2211012,497659,2406,495253
42,11.8217,2213705,497659,2405,495254
42,11.7077,2208507,497659,2402,495257
42,11.7211,2210985,497659,2407,495252
42,11.7337,2213200,497659,2406,495253
42,11.7086,2208838,497659,2406,495253
42,13.2551,2217918,497659,2408,495251
42,11.7172,2210325,497659,2404,495255
43,12.2146,2287448,497714,2368,495346
43,12.0335,2278814,497714,2353,495361
43,11.7134,2212722,497714,2350,495364
43,11.7159,2209899,497714,2353,495361
43,11.7193,2210721,497714,2352,495362
43,11.7148,2209798,497714,2353,495361
43,12.8321,2440743,497714,2358,495356
43,11.7099,2209056,497714,2346,495368
43,11.7128,2209251,497714,2347,495367
43,11.7163,2210058,497714,2352,495362
44,11.9383,2252178,497767,2295,495472
44,11.6779,2202778,497767,2295,495472
44,11.6833,2203763,497767,2296,495471
44,15.8324,2228275,497767,2299,495468
44,11.6945,2205964,497767,2298,495469
44,11.7395,2206177,497767,2294,495473
44,11.7406,2205982,497767,2296,495471
44,11.6806,2203881,497767,2296,495471
44,11.6922,2205677,497767,2299,495468
44,11.692,2206216,497767,2293,495474
45,11.6771,2202597,497817,2243,495574
45,11.7207,2202537,497817,2250,495567
45,11.6732,2201735,497817,2247,495570
45,11.6659,2200415,497817,2251,495566
45,11.666,2200411,497817,2250,495567
45,18.6584,2204277,497817,2248,495569
45,11.6776,2202913,497817,2251,495566
45,11.6744,2203514,497817,2250,495567
45,11.6767,2203051,497817,2251,495566
45,11.6709,2201636,497817,2241,495576
46,11.7355,2203623,497866,2197,495669
46,11.8225,2230761,497866,2210,495656
46,11.6641,2200093,497866,2203,495663
46,11.6652,2200644,497866,2197,495669
46,12.8159,2203053,497866,2197,495669
46,11.6684,2200840,497866,2199,495667
46,11.6676,2200789,497866,2196,495670
46,12.0414,2257906,497866,2216,495650
46,11.7011,2208102,497866,2199,495667
46,11.6706,2201202,497866,2199,495667
47,11.6612,2199560,497912,2153,495759
47,11.6605,2199705,497912,2150,495762
47,11.661,2199847,497912,2149,495763
47,11.6665,2200580,497912,2157,495755
47,13.2694,2520656,497912,2155,495757
47,11.6617,2199696,497912,2147,495765
47,11.7144,2200059,497912,2151,495761
47,11.6678,2200798,497912,2155,495757
47,11.662,2200322,497912,2146,495766
47,11.6536,2198163,497912,2151,495761
48,11.6457,2197209,497956,2108,495848
48,11.6528,2198488,497956,2109,495847
48,12.0544,2274512,497956,2110,495846
48,11.6964,2196732,497956,2104,495852
48,11.646,2196955,497956,2110,495846
48,12.2087,2200388,497956,2115,495841
48,11.6447,2196899,497956,2108,495848
48,11.6454,2197888,497956,2099,495857
48,11.6477,2197024,497956,2111,495845
48,11.6471,2197210,497956,2102,495854
49,11.639,2196142,497999,2061,495938
49,11.6246,2192953,497999,2067,495932
49,11.6866,2196674,497999,2065,495934
49,11.6522,2197856,497999,2066,495933
49,11.6231,2192307,497999,2063,495936
49,11.758,2201035,497999,2065,495934
49,11.6332,2194300,497999,2062,495937
49,11.6433,2196246,497999,2067,495932
49,11.6412,2196081,497999,2063,495936
49,11.631,2194318,497999,2067,495932
50,11.6353,2194952,498040,2027,496013
50,11.6131,2190585,498040,2026,496014
50,11.613,2190723,498040,2024,496016
50,11.6294,2194577,498040,2026,496014
50,11.9962,2237557,498040,2030,496010
50,11.6153,2191096,498040,2026,496014
50,11.8835,2242536,498040,2028,496012
50,11.7986,2209849,498040,2031,496009
50,11.6335,2194396,498040,2026,496014
50,12.7047,2196091,498040,2026,496014
51,11.7099,2209602,498079,1986,496093
51,13.267,2496478,498079,2010,496069
51,11.6126,2190509,498079,1990,496089
51,11.7192,2195887,498079,1992,496087
51,11.6277,2194311,498079,1984,496095
51,11.6112,2190837,498079,1989,496090
51,11.6127,2191591,498079,1988,496091
51,11.6151,2190948,498079,1987,496092
51,11.6126,2190815,498079,1987,496092
51,12.3515,2316936,498079,1990,496089
52,11.6096,2190014,498116,1949,496167
52,11.608,2189978,498116,1950,496166
52,11.6096,2189829,498116,1950,496166
52,11.608,2190043,498116,1950,496166
52,11.6043,2190406,498116,1948,496168
52,11.6098,2189777,498116,1949,496167
52,11.6026,2188849,498116,1949,496167
52,11.6136,2190625,498116,1950,496166
52,15.4115,2912364,498116,1954,496162
52,11.6086,2190102,498116,1950,496166
53,11.5964,2188158,498153,1910,496243
53,15.9506,3034046,498153,1924,496229
53,12.1613,2190792,498153,1915,496238
53,18.0088,2189387,498153,1913,496240
53,11.5999,2188360,498153,1911,496242
53,11.5962,2187307,498153,1911,496242
53,11.5998,2188340,498153,1910,496243
53,11.6016,2189568,498153,1913,496240
53,11.6759,2189055,498153,1913,496240
53,11.5992,2188170,498153,1912,496241
54,13.2513,2512969,498188,1897,496291
54,11.5933,2187214,498188,1876,496312
54,11.6995,2191896,498188,1881,496307
54,11.5948,2187215,498188,1877,496311
54,11.593,2188095,498188,1875,496313
54,11.5936,2186872,498188,1874,496314
54,11.7879,2226614,498188,1874,496314
54,11.5921,2188073,498188,1871,496317
54,12.435,2368341,498188,1892,496296
54,13.3318,2187840,498188,1881,496307
55,11.6098,2191518,498221,1837,496384
55,11.7152,2193336,498221,1842,496379
55,11.5868,2187079,498221,1841,496380
55,11.728,2214642,498221,1845,496376
55,11.5887,2187118,498221,1845,496376
55,11.7064,2190102,498221,1847,496374
55,15.6322,2917538,498221,1851,496370
55,12.9481,2455355,498221,1845,496376
55,11.5895,2187254,498221,1836,496385
55,11.7988,2191036,498221,1846,496375
56,11.5729,2183101,498254,1811,496443
56,11.57,2182699,498254,1812,496442
56,11.6465,2183644,498254,1812,496442
56,11.5682,2183724,498254,1815,496439
56,11.5788,2184307,498254,1812,496442
56,11.6644,2189164,498254,1808,496446
56,11.579,2184555,498254,1812,496442
56,11.5711,2183437,498254,1813,496441
56,11.5679,2182154,498254,1814,496440
56,15.671,2961603,498254,1823,496431
57,11.561,2181000,498285,1775,496510
57,11.5729,2182972,498285,1775,496510
57,11.7099,2193860,498285,1780,496505
57,12.1221,2184552,498285,1780,496505
57,11.5695,2182404,498285,1782,496503
57,13.5538,2566832,498285,1796,496489
57,11.8246,2230856,498285,1776,496509
57,18.6797,3498163,498285,1783,496502
57,12.0995,2266151,498285,1781,496504
57,11.5943,2188325,498285,1776,496509
58,11.7044,2188567,498315,1750,496565
58,11.7482,2218502,498315,1756,496559
58,11.561,2181197,498315,1755,496560
58,11.9051,2249528,498315,1772,496543
58,11.5625,2181302,498315,1749,496566
58,11.5766,2185055,498315,1748,496567
58,11.5652,2181729,498315,1749,496566
58,11.5584,2180893,498315,1752,496563
58,11.6487,2182203,498315,1746,496569
58,11.5582,2180951,498315,1753,496562
59,11.5554,2180032,498345,1721,496624
59,13.1194,2182222,498345,1725,496620
59,13.5874,2183385,498345,1726,496619
59,15.6063,2971402,498345,1729,496616
59,11.5474,2179017,498345,1723,496622
59,11.5597,2182179,498345,1718,496627
59,11.5562,2180611,498345,1720,496625
59,11.5472,2178459,498345,1722,496623
59,11.5594,2181899,498345,1718,496627
59,11.5559,2180442,498345,1718,496627
60,11.6656,2201533,498373,1696,496677
60,11.5478,2178928,498373,1688,496685
60,11.6181,2179001,498373,1689,496684
60,16.276,2179780,498373,1690,496683
60,11.541,2176811,498373,1685,496688
60,12.5064,2231590,498373,1710,496663
60,11.5443,2177705,498373,1692,496681
60,11.542,2177270,498373,1689,496684
60,11.5386,2176460,498373,1694,496679
60,11.5392,2177389,498373,1694,496679
61,11.5524,2179350,498400,1669,496731
61,19.7387,2180306,498400,1671,496729
61,11.8102,2229058,498400,1669,496731
61,11.6507,2183816,498400,1668,496732
61,11.5301,2174972,498400,1664,496736
61,11.6208,2180479,498400,1667,496733
61,11.5305,2175365,498400,1667,496733
61,12.0885,2280428,498400,1670,496730
61,18.4365,3478411,498400,1668,496732
61,11.7091,2184700,498400,1667,496733
62,11.5331,2175697,498427,1638,496789
62,11.5879,2177429,498427,1637,496790
62,15.301,2212076,498427,1639,496788
62,11.5343,2175834,498427,1632,496795
62,11.5274,2174398,498427,1639,496788
62,11.5291,2174907,498427,1641,496786
62,11.5338,2177618,498427,1637,496790
62,21.488,2893853,498427,1645,496782
62,14.5206,2743848,498427,1647,496780
62,18.7147,3531348,498427,1641,496786
63,16.6076,3067691,498452,1628,496824
63,11.5234,2174596,498452,1610,496842
63,16.1412,3048124,498452,1620,496832
63,11.6174,2192581,498452,1610,496842
63,11.7305,2214729,498452,1611,496841
63,12.7448,2410093,498452,1623,496829
63,12.1125,2272200,498452,1635,496817
63,11.9338,2246465,498452,1614,496838
63,11.5408,2178289,498452,1613,496839
63,11.6154,2179271,498452,1615,496837
64,11.5192,2173873,498477,1591,496886
64,11.5164,2172369,498477,1587,496890
64,11.7746,2199414,498477,1592,496885
64,11.7591,2222427,498477,1588,496889
64,11.5242,2173849,498477,1585,496892
64,15.3889,2330436,498477,1606,496871
64,11.9675,2258700,498477,1603,496874
64,11.5156,2172069,498477,1587,496890
64,11.5281,2174570,498477,1587,496890
64,11.5127,2171687,498477,1588,496889
65,11.6278,2180559,498501,1567,496934
65,11.5175,2172725,498501,1566,496935
65,11.5143,2172106,498501,1562,496939
65,13.394,2552841,498501,1597,496904
65,11.5099,2171122,498501,1560,496941
65,15.1316,2173753,498501,1565,496936
65,11.515,2172111,498501,1557,496944
65,11.5141,2171876,498501,1566,496935
65,11.6945,2185516,498501,1559,496942
65,11.5161,2174197,498501,1569,496932
66,11.5091,2173022,498524,1541,496983
66,11.5158,2173760,498524,1538,496986
66,11.5065,2172056,498524,1535,496989
66,12.047,2276767,498524,1568,496956
66,11.5059,2170462,498524,1540,496984
66,11.6648,2178947,498524,1540,496984
66,11.5081,2171427,498524,1539,496985
66,11.5084,2170918,498524,1542,496982
66,18.8165,2174659,498524,1542,496982
66,11.7782,2222894,498524,1558,496966
67,11.5774,2173064,498547,1517,497030
67,15.5946,2947569,498547,1535,497012
67,37.6595,3265086,498547,1532,497015
67,17.5972,3293246,498547,1515,497032
67,18.1681,3313098,498547,1530,497017
67,11.6912,2175835,498547,1521,497026
67,11.5018,2170131,498547,1518,497029
67,11.8523,2170448,498547,1525,497022
67,12.2234,2171511,498547,1513,497034
67,12.8124,2205369,498547,1523,497024
68,27.8096,3150967,498569,1524,497045
68,14.4691,2168325,498569,1496,497073
68,14.5305,2180033,498569,1499,497070
68,14.8949,2232871,498569,1517,497052
68,14.6264,2171368,498569,1498,497071
68,19.3362,2902610,498569,1515,497054
68,15.0336,2169719,498569,1492,497077
68,23.5514,3129257,498569,1509,497060
68,22.8189,3271269,498569,1524,497045
68,15.6387,2170055,498569,1493,497076
69,15.8841,2176823,498590,1471,497119
69,25.3793,3521877,498590,1477,497113
69,25.5545,3403566,498590,1470,497120
69,19.817,2642495,498590,1486,497104
69,16.2862,2169119,498590,1475,497115
69,22.1013,2223874,498590,1492,497098
69,15.6251,2167834,498590,1477,497113
69,15.6345,2168640,498590,1472,497118
69,15.6256,2168459,498590,1475,497115
69,15.624,2167971,498590,1474,497116
70,15.02,2167094,498611,1454,497157
70,22.0238,3181703,498611,1460,497151
70,23.0474,3199779,498611,1465,497146
70,25.3381,3376608,498611,1466,497145
70,25.8843,3446929,498611,1469,497142
70,16.2727,2168218,498611,1449,497162
70,16.569,2207533,498611,1458,497153
70,16.279,2168886,498611,1452,497159
70,19.3189,2584170,498611,1460,497151
70,15.626,2167195,498611,1454,497157
71,15.1712,2172489,498631,1438,497193
71,16.6742,2210629,498631,1436,497195
71,13.9418,2166020,498631,1428,497203
71,13.4611,2166143,498631,1434,497197
71,13.4636,2166276,498631,1428,497203
71,13.1592,2172826,498631,1431,497200
71,12.7242,2172006,498631,1437,497194
71,12.8832,2216130,498631,1433,497198
71,12.5899,2167358,498631,1427,497204
71,12.1977,2165563,498631,1437,497194
72,18.2881,3228897,498651,1429,497222
72,12.4086,2204345,498651,1438,497213
72,11.9341,2171299,498651,1419,497232
72,12.0617,2210487,498651,1422,497229
72,17.3011,3172213,498651,1448,497203
72,13.9194,2477192,498651,1419,497232
72,12.6018,2168806,498651,1415,497236
72,12.5916,2168057,498651,1413,497238
72,13.0167,2167995,498651,1406,497245
72,13.0152,2167334,498651,1409,497242
73,13.0584,2175694,498670,1393,497277
73,13.0687,2168008,498670,1386,497284
73,13.0083,2166237,498670,1390,497280
73,17.538,2929041,498670,1400,497270
73,14.2531,2279237,498670,1420,497250
73,13.4903,2246368,498670,1402,497268
73,12.5848,2164284,498670,1395,497275
73,12.586,2164471,498670,1392,497278
73,12.1913,2164454,498670,1392,497278
73,12.2467,2164987,498670,1389,497281
74,11.8127,2162996,498688,1376,497312
74,15.8762,2930587,498688,1383,497305
74,11.825,2165348,498688,1377,497311
74,11.8242,2165743,498688,1378,497310
74,11.8184,2163734,498688,1370,497318
74,11.7385,2215994,498688,1396,497292
74,11.4705,2164552,498688,1380,497308
74,11.4619,2163130,498688,1375,497313
74,12.1975,2303363,498688,1392,497296
74,11.8328,2166924,498688,1375,497313
75,12.2021,2219275,498706,1376,497330
75,13.9987,2452684,498706,1366,497340
75,12.3012,2167847,498706,1357,497349
75,12.3173,2170365,498706,1362,497344
75,12.1798,2162560,498706,1360,497346
75,12.179,2162357,498706,1358,497348
75,11.8101,2162089,498706,1360,497346
75,11.8095,2162608,498706,1356,497350
75,11.8109,2162269,498706,1359,497347
75,11.4659,2164167,498706,1359,497347
76,15.7189,2162855,498724,1342,497382
76,11.8092,2162524,498724,1341,497383
76,11.4617,2162169,498724,1337,497387
76,11.4629,2162216,498724,1339,497385
76,11.461,2161918,498724,1337,497387
76,11.4593,2161353,498724,1341,497383
76,11.465,2162585,498724,1336,497388
76,13.476,2250686,498724,1341,497383
76,11.8586,2170802,498724,1341,497383
76,11.4691,2165366,498724,1335,497389
77,14.1992,2625920,498741,1350,497391
77,12.1732,2162611,498741,1320,497421
77,14.341,2469731,498741,1330,497411
77,12.8758,2217516,498741,1339,497402
77,19.3748,3307548,498741,1334,497407
77,12.5795,2164896,498741,1325,497416
77,12.6392,2175839,498741,1321,497420
77,13.0045,2165294,498741,1324,497417
77,12.9821,2161508,498741,1325,497416
77,13.432,2162720,498741,1322,497419
78,13.4226,2160802,498757,1309,497448
78,21.8642,3398115,498757,1311,497446
78,13.9096,2161815,498757,1308,497449
78,13.9442,2167545,498757,1305,497452
78,13.9376,2167055,498757,1311,497446
78,16.8382,2317542,498757,1312,497445
78,15.8103,2373455,498757,1318,497439
78,15.2925,2295075,498757,1315,497442
78,14.7323,2208808,498757,1304,497453
78,20.4872,3160714,498757,1318,497439
79,14.4281,2162577,498774,1289,497485
79,14.1913,2205787,498774,1311,497463
79,15.0075,2249405,498774,1305,497469
79,14.1223,2162859,498774,1288,497486
79,14.1653,2161606,498774,1293,497481
79,12.9668,2158639,498774,1287,497487
79,13.01,2165668,498774,1294,497480
79,12.68,2182558,498774,1294,497480
79,12.5564,2159594,498774,1292,497482
79,12.1732,2161588,498774,1292,497482
80,12.7302,2161732,498790,1280,497510
80,12.1598,2159086,498790,1276,497514
80,14.5674,2159726,498790,1274,497516
80,12.3599,2264423,498790,1272,497518
80,11.9488,2187998,498790,1293,497497
80,11.7912,2159111,498790,1279,497511
80,11.4489,2159568,498790,1275,497515
80,11.4505,2160898,498790,1275,497515
80,11.4411,2158908,498790,1278,497512
80,11.444,2158568,498790,1272,497518
81,11.4443,2158849,498805,1258,497547
81,11.4396,2158821,498805,1260,497545
81,12.0506,2162613,498805,1263,497542
81,11.4427,2158876,498805,1259,497546
81,19.0084,2160168,498805,1262,497543
81,11.4438,2158509,498805,1262,497543
81,11.4409,2159250,498805,1259,497546
81,12.1708,2166006,498805,1264,497541
81,15.8066,2160220,498805,1264,497541
81,11.739,2214999,498805,1275,497530
82,11.4409,2158101,498820,1245,497575
82,11.4435,2158523,498820,1243,497577
82,11.4476,2159406,498820,1258,497562
82,11.4395,2157782,498820,1243,497577
82,11.4446,2159054,498820,1245,497575
82,14.2755,2389717,498820,1276,497544
82,11.4444,2160067,498820,1242,497578
82,11.7929,2160024,498820,1245,497575
82,11.7844,2158067,498820,1241,497579
82,11.9335,2168627,498820,1245,497575
83,11.7738,2155645,498835,1225,497610
83,16.4541,2157831,498835,1234,497601
83,11.4391,2158083,498835,1229,497606
83,11.4349,2158397,498835,1232,497603
83,11.4328,2157038,498835,1230,497605
83,11.4359,2157173,498835,1229,497606
83,14.1979,2616752,498835,1240,497595
83,11.8158,2164457,498835,1228,497607
83,11.7815,2157336,498835,1232,497603
83,11.7848,2157595,498835,1233,497602
84,11.4377,2157574,498849,1215,497634
84,12.5577,2158912,498849,1218,497631
84,11.428,2157014,498849,1216,497633
84,15.9684,2986752,498849,1259,497590
84,11.4256,2155133,498849,1217,497632
84,12.7639,2339474,498849,1219,497630
84,11.7831,2157165,498849,1218,497631
84,13.148,2159943,498849,1219,497630
84,11.4441,2158595,498849,1214,497635
84,11.4452,2160249,498849,1212,497637
85,12.8984,2156580,498863,1205,497658
85,11.4397,2158905,498863,1200,497663
85,11.4298,2155887,498863,1198,497665
85,11.6725,2169047,498863,1195,497668
85,12.131,2221954,498863,1206,497657
85,11.7832,2157288,498863,1198,497665
85,11.7714,2155688,498863,1200,497663
85,12.0283,2202761,498863,1220,497643
85,12.2705,2231445,498863,1201,497662
85,11.4326,2157045,498863,1203,497660
86,11.6006,2169734,498877,1189,497688
86,11.4293,2156766,498877,1191,497686
86,11.4754,2155977,498877,1183,497694
86,11.4212,2154385,498877,1188,497689
86,11.4425,2163998,498877,1188,497689
86,11.5761,2184107,498877,1189,497688
86,11.4205,2154652,498877,1185,497692
86,11.4334,2156970,498877,1188,497689
86,11.4177,2153572,498877,1188,497689
86,11.4315,2156367,498877,1180,497697
87,11.9769,2157473,498890,1174,497716
87,11.4226,2154575,498890,1174,497716
87,11.4319,2157675,498890,1173,497717
87,11.7896,2211991,498890,1170,497720
87,11.4283,2156944,498890,1172,497718
87,11.4227,2154743,498890,1175,497715
87,11.4237,2155177,498890,1176,497714
87,11.4146,2153807,498890,1173,497717
87,11.4154,2153442,498890,1173,497717
87,11.4148,2153207,498890,1174,497716
88,12.1725,2297361,498903,1168,497735
88,11.428,2155684,498903,1156,497747
88,12.9361,2444307,498903,1185,497718
88,11.4158,2153868,498903,1162,497741
88,11.4131,2153535,498903,1163,497740
88,11.4173,2154072,498903,1160,497743
88,11.4188,2154022,498903,1164,497739
88,11.4246,2155551,498903,1161,497742
88,11.4208,2154217,498903,1161,497742
88,11.4216,2155208,498903,1159,497744
89,11.4096,2152160,498916,1150,497766
89,11.4139,2153923,498916,1148,497768
89,11.4179,2155829,498916,1149,497767
89,11.5061,2157543,498916,1145,497771
89,11.4107,2153536,498916,1149,497767
89,11.4221,2154446,498916,1147,497769
89,11.5132,2161795,498916,1149,497767
89,11.4091,2152366,498916,1149,497767
89,11.4115,2152595,498916,1146,497770
89,11.4091,2152230,498916,1148,497768
90,11.4132,2153142,498928,1137,497791
90,20.4886,2250443,498928,1160,497768
90,11.4177,2155322,498928,1136,497792
90,11.5399,2158877,498928,1136,497792
90,11.413,2152800,498928,1133,497795
90,11.4114,2154085,498928,1141,497787
90,11.5167,2157167,498928,1136,497792
90,11.4072,2153891,498928,1140,497788
90,11.4121,2153020,498928,1136,497792
90,11.4067,2151994,498928,1136,497792
91,11.4102,2152089,498941,1117,497824
91,14.9476,2784366,498941,1128,497813
91,11.4108,2155813,498941,1127,497814
91,11.404,2151050,498941,1118,497823
91,11.5276,2159747,498941,1125,497816
91,11.4054,2151763,498941,1126,497815
91,11.4112,2152914,498941,1125,497816
91,11.5086,2156904,498941,1130,497811
91,17.5972,3322658,498941,1128,497813
91,13.3808,2154577,498941,1123,497818
92,21.633,3363557,498953,1125,497828
92,13.843,2152670,498953,1114,497839
92,13.9827,2157904,498953,1108,497845
92,14.36,2151928,498953,1114,497839
92,14.3656,2153138,498953,1109,497844
92,22.4296,2152659,498953,1112,497841
92,21.2922,3192104,498953,1119,497834
92,14.5118,2157712,498953,1111,497842
92,17.6968,2155320,498953,1111,497842
92,14.3688,2152754,498953,1110,497843
93,14.3776,2154906,498964,1101,497863
93,14.5284,2161021,498964,1100,497864
93,14.3597,2152338,498964,1102,497862
93,14.3619,2151632,498964,1099,497865
93,13.8493,2151597,498964,1102,497862
93,13.3636,2149939,498964,1098,497866
93,12.9193,2150147,498964,1103,497861
93,12.925,2151055,498964,1096,497868
93,12.5024,2150307,498964,1104,497860
93,12.13,2153639,498964,1101,497863
94,12.1823,2151442,498976,1091,497885
94,12.1131,2150744,498976,1092,497884
94,12.1133,2150694,498976,1092,497884
94,12.7911,2342400,498976,1094,497882
94,12.1033,2218261,498976,1114,497862
94,11.7415,2149899,498976,1093,497883
94,11.402,2150682,498976,1088,497888
94,11.4023,2150728,498976,1087,497889
94,11.5493,2179006,498976,1086,497890
94,13.5023,2577242,498976,1099,497877
95,13.7294,2590526,498987,1110,497877
95,11.3981,2150087,498987,1080,497907
95,11.4755,2150881,498987,1081,497906
95,11.3964,2149546,498987,1078,497909
95,11.3992,2150238,498987,1076,497911
95,11.3983,2150099,498987,1080,497907
95,11.4584,2151135,498987,1080,497907
95,11.3996,2150251,498987,1077,497910
95,11.4943,2169272,498987,1078,497909
95,11.3979,2151872,498987,1081,497906
96,11.3946,2149255,498998,1067,497931
96,11.3947,2149985,498998,1062,497936
96,11.3868,2147811,498998,1065,497933
96,11.3964,2149938,498998,1070,497928
96,11.3918,2149167,498998,1065,497933
96,11.3979,2149978,498998,1067,497931
96,11.3987,2150157,498998,1066,497932
96,12.4898,2150562,498998,1070,497928
96,11.4476,2149548,498998,1072,497926
96,11.4525,2150377,498998,1062,497936
97,11.5724,2183202,499009,1054,497955
97,11.3869,2147729,499009,1055,497954
97,11.3875,2148106,499009,1059,497950
97,12.437,2150387,499009,1055,497954
97,11.3948,2149467,499009,1056,497953
97,11.3951,2150327,499009,1058,497951
97,11.3937,2149028,499009,1055,497954
97,11.3949,2149610,499009,1056,497953
97,11.3933,2148994,499009,1057,497952
97,11.3943,2149751,499009,1052,497957
98,11.3904,2148588,499019,1049,497970
98,11.4468,2148385,499019,1049,497970
98,11.3853,2147622,499019,1046,497973
98,11.3907,2148686,499019,1048,497971
98,11.3907,2148864,499019,1050,497969
98,11.457,2149531,499019,1050,497969
98,11.3918,2149204,499019,1048,497971
98,12.9206,2464583,499019,1059,497960
98,13.2618,2504449,499019,1066,497953
98,11.4656,2164138,499019,1048,497971
99,11.6806,2172413,499029,1046,497983
99,11.3977,2150552,499029,1035,497994
99,11.3889,2148983,499029,1036,497993
99,11.4401,2152120,499029,1033,497996
99,11.3853,2148000,499029,1037,497992
99,11.6031,2189335,499029,1033,497996
99,11.6396,2196261,499029,1051,497978
99,11.3847,2148215,499029,1037,497992
99,12.806,2150947,499029,1038,497991
99,11.421,2156940,499029,1031,497998
100,11.419,2149067,499040,1028,498012
100,11.3809,2146787,499040,1024,498016
100,12.5791,2149255,499040,1024,498016
100,11.3846,2147526,499040,1020,498020
100,11.3837,2147529,499040,1022,498018
100,11.3848,2147761,499040,1025,498015
100,13.1106,2149183,499040,1022,498018
100,11.3899,2148609,499040,1027,498013
100,11.3865,2147953,499040,1027,498013
100,11.4491,2147544,499040,1026,498014
