3,10.0849,1903860,766706,25,766681
3,14.7301,1955168,766706,40,766666
3,9.99738,1886187,766706,26,766680
3,10.0861,1904619,766706,34,766672
3,10.2137,1927231,766706,31,766675
3,10.0912,1905418,766706,26,766680
3,12.7176,2399891,766706,36,766670
3,9.99661,1885776,766706,24,766682
3,9.99785,1886105,766706,31,766675
3,11.1113,2080411,766706,31,766675
4,10.2201,1928188,775040,34,775006
4,10.2199,1928859,775040,33,775007
4,10.4316,1954457,775040,30,775010
4,10.9093,2059754,775040,39,775001
4,11.3612,2121862,775040,472,774568
4,11.3722,2146934,775040,43,774997
4,10.3511,1952780,775040,27,775013
4,11.0188,2070126,775040,30,775010
4,10.2196,1928067,775040,31,775009
4,10.3525,1952970,775040,33,775007
5,10.4048,1963017,780040,29,780011
5,10.55,1990681,780040,41,779999
5,10.405,1963617,780040,31,780009
5,10.4049,1962967,780040,36,780004
5,11.2707,2126350,780040,26,780014
5,10.4044,1963168,780040,31,780009
5,10.4055,1962805,780040,32,780008
5,10.4058,1963972,780040,34,780006
5,10.4054,1963819,780040,33,780007
5,10.4049,1963733,780040,33,780007
6,10.6171,2002905,783373,34,783339
6,10.5743,1997312,783373,37,783336
6,10.5743,1994561,783373,34,783339
6,11.6974,2196086,783373,43,783330
6,11.4129,2152958,783373,32,783341
6,10.7526,2028805,783373,197,783176
6,10.58,1996422,783373,27,783346
6,10.5797,1995860,783373,28,783345
6,11.413,2152848,783373,26,783347
6,10.5734,1994842,783373,32,783341
7,12.6151,2171471,785754,41,785713
7,14.2386,2657425,785754,53,785701
7,11.9128,2248416,785754,45,785709
7,10.6174,2004098,785754,30,785724
7,14.7361,2009982,785754,31,785723
7,10.6169,2003839,785754,31,785723
7,10.6172,2004437,785754,32,785722
7,12.9267,2216889,785754,51,785703
7,10.6943,2017422,785754,36,785718
7,10.6935,2017861,785754,34,785720
8,10.6852,2015443,787540,33,787507
8,13.9033,2524018,787540,38,787502
8,10.6839,2016864,787540,33,787507
8,11.7302,2199089,787540,1221,786319
8,11.3743,2146392,787540,41,787499
8,11.8132,2228560,787540,81,787459
8,10.6859,2015956,787540,37,787503
8,10.7498,2028922,787540,32,787508
8,10.7696,2033139,787540,41,787499
8,11.4808,2165801,787540,30,787510
9,10.7937,2036893,788928,30,788898
9,11.3219,2136689,788928,33,788895
9,11.1338,2085769,788928,40,788888
9,11.1526,2105112,788928,39,788889
9,10.8796,2038851,788928,34,788894
9,10.7651,2031448,788928,30,788898
9,10.7655,2030770,788928,31,788897
9,12.5846,2099609,788928,32,788896
9,10.7659,2031039,788928,35,788893
9,10.7658,2032518,788928,35,788893
10,13.7305,2589786,790040,10041,779999
10,13.7307,2589437,790040,10047,779993
10,13.7638,2596314,790040,10043,779997
10,13.7309,2589420,790040,10041,779999
10,13.6199,2568870,790040,10061,779979
10,20.3628,2592432,790040,10051,779989
10,13.7314,2589676,790040,10046,779994
10,14.6723,2667912,790040,10222,779818
10,15.9474,3041168,790040,10598,779442
10,13.7237,2588291,790040,10040,780000
11,13.5247,2551023,790949,9133,781816
11,16.7107,3153605,790949,10313,780636
11,13.5161,2549036,790949,9134,781815
11,13.5213,2550415,790949,9136,781813
11,13.5214,2550455,790949,9138,781811
11,13.5173,2550145,790949,9135,781814
11,13.801,2604016,790949,9299,781650
11,13.5245,2550828,790949,9134,781815
11,13.5089,2547643,790949,9136,781813
11,14.7231,2779321,790949,9175,781774
12,13.3255,2513122,791706,8363,783343
12,13.3168,2513164,791706,8361,783345
12,13.322,2512544,791706,8361,783345
12,14.3234,2701962,791706,8365,783341
12,14.2026,2679145,791706,8367,783339
12,13.3118,2510631,791706,8366,783340
12,13.3567,2519927,791706,8363,783343
12,15.2765,2894644,791706,8378,783328
12,14.3155,2699760,791706,8362,783344
12,17.4477,2579311,791706,8362,783344
13,13.5856,2564412,792347,7727,784620
13,13.2033,2480327,792347,7723,784624
13,13.1905,2487975,792347,7720,784627
13,13.284,2505569,792347,7728,784619
13,13.2679,2490487,792347,7727,784620
13,13.153,2480663,792347,7719,784628
13,14.1292,2562429,792347,7726,784621
13,13.1559,2481169,792347,7721,784626
13,13.155,2481190,792347,7719,784628
13,13.1487,2479893,792347,7722,784625
14,11.203,2104195,792897,32,792865
14,10.884,2052984,792897,35,792862
14,10.8828,2053137,792897,29,792868
14,10.8817,2052639,792897,26,792871
14,10.8819,2052666,792897,27,792870
14,11.7159,2210955,792897,32,792865
14,10.9207,2061878,792897,33,792864
14,11.0698,2068654,792897,34,792863
14,10.8822,2053819,792897,30,792867
14,10.883,2052989,792897,30,792867
15,10.9897,2074507,793373,32,793341
15,15.023,2743310,793373,52,793321
15,10.9376,2063172,793373,38,793335
15,12.1238,2165116,793373,39,793334
15,15.2,2884171,793373,53,793320
15,11.3224,2135959,793373,32,793341
15,10.9908,2061024,793373,36,793337
15,10.9196,2060414,793373,31,793342
15,11.0554,2085880,793373,36,793337
15,11.0732,2066073,793373,37,793336
16,12.7481,2405625,793790,6296,787494
16,12.742,2403576,793790,6291,787499
16,13.8029,2580919,793790,6294,787496
16,19.1398,3612346,793790,8033,785757
16,12.7529,2406383,793790,6296,787494
16,12.7614,2406675,793790,6291,787499
16,12.7422,2403509,793790,6292,787498
16,12.7484,2404711,793790,6294,787496
16,13.2958,2408943,793790,6309,787481
16,12.7424,2405089,793790,6295,787495
17,12.6776,2391856,794157,5912,788245
17,19.5685,2402436,794157,5917,788240
17,19.062,3067081,794157,5923,788234
17,12.8457,2399086,794157,5913,788244
17,12.6431,2386178,794157,5908,788249
17,12.6811,2391989,794157,5915,788242
17,12.6805,2393908,794157,5910,788247
17,12.7477,2393808,794157,5915,788242
17,12.6878,2394644,794157,5910,788247
17,14.7171,2400178,794157,5927,788230
18,12.6107,2379482,794484,5587,788897
18,12.5659,2370358,794484,5586,788898
18,17.9086,2522224,794484,5614,788870
18,13.789,2376065,794484,5589,788895
18,12.5737,2372333,794484,5584,788900
18,13.1983,2473344,794484,5606,788878
18,12.5728,2371538,794484,5583,788901
18,12.6798,2379253,794484,5583,788901
18,12.5717,2370999,794484,5584,788900
18,12.5768,2372679,794484,5585,788899
19,12.5087,2361291,794776,5294,789482
19,13.3081,2510553,794776,5289,789487
19,13.351,2511317,794776,5295,789481
19,12.8456,2426465,794776,5302,789474
19,12.5076,2359039,794776,5292,789484
19,13.2959,2507798,794776,5293,789483
19,13.1339,2477995,794776,5298,789478
19,12.5075,2359198,794776,5297,789479
19,12.5076,2359246,794776,5298,789478
19,12.8409,2422939,794776,5306,789470
20,13.9329,2517222,795040,5033,790007
20,12.4607,2350498,795040,5028,790012
20,12.4223,2343306,795040,5025,790015
20,12.7023,2396343,795040,5049,789991
20,17.261,2445270,795040,5033,790007
20,12.5852,2359455,795040,5028,790012
20,20.2188,2393583,795040,5036,790004
20,13.3717,2501326,795040,5030,790010
20,12.4312,2345061,795040,5031,790009
20,12.4281,2344250,795040,5029,790011
21,12.3703,2333555,795278,4796,790482
21,13.4882,2545638,795278,4794,790484
21,19.1284,2336988,795278,4789,790489
21,12.3702,2333680,795278,4793,790485
21,12.5507,2367982,795278,4794,790484
21,12.3695,2333492,795278,4789,790489
21,12.3806,2335009,795278,4789,790489
21,13.9179,2384079,795278,4794,790484
21,16.0548,3053981,795278,4808,790470
21,12.3746,2335523,795278,4792,790486
22,12.2953,2319302,795494,4575,790919
22,13.0679,2448932,795494,4574,790920
22,12.3051,2323465,795494,4574,790920
22,12.3182,2324613,795494,4573,790921
22,12.307,2321297,795494,4578,790916
22,13.2078,2472151,795494,4581,790913
22,14.6403,2440168,795494,4591,790903
22,13.3661,2521640,795494,4575,790919
22,12.3015,2322132,795494,4575,790919
22,12.4537,2327760,795494,4578,790916
23,13.3256,2513412,795692,4378,791314
23,13.4237,2508759,795692,4379,791313
23,12.2605,2312591,795692,4371,791321
23,12.3139,2322731,795692,4374,791318
23,13.3332,2515711,795692,4384,791308
23,12.309,2321853,795692,4381,791311
23,14.6108,2477897,795692,4379,791313
23,14.3183,2723061,795692,4407,791285
23,13.8769,2506918,795692,4379,791313
23,12.3096,2321719,795692,4377,791315
24,12.2447,2310563,795873,4197,791676
24,12.2452,2311111,795873,4196,791677
24,12.2223,2305234,795873,4197,791676
24,12.4263,2328488,795873,4203,791670
24,13.8726,2344529,795873,4204,791669
24,12.2276,2306276,795873,4195,791678
24,12.2252,2306260,795873,4196,791677
24,12.22,2304873,795873,4196,791677
24,12.2127,2303670,795873,4196,791677
24,13.6772,2306666,795873,4194,791679
25,12.2052,2302392,796040,4025,792015
25,13.4464,2536208,796040,4043,791997
25,12.4338,2331767,796040,4030,792010
25,12.1923,2299765,796040,4027,792013
25,12.3111,2302968,796040,4030,792010
25,15.7972,2991700,796040,4050,791990
25,12.9215,2414049,796040,4027,792013
25,13.0551,2462607,796040,4028,792012
25,12.3853,2320063,796040,4024,792016
25,12.1788,2298163,796040,4030,792010
26,12.2773,2315989,796193,3886,792307
26,12.2168,2290181,796193,3880,792313
26,12.1572,2293232,796193,3876,792317
26,17.189,2346966,796193,3879,792314
26,12.1472,2291497,796193,3870,792323
26,12.6577,2389513,796193,3881,792312
26,12.6616,2389193,796193,3880,792313
26,12.1426,2290209,796193,3877,792316
26,12.1637,2294408,796193,3879,792314
26,12.1502,2291969,796193,3877,792316
27,12.1106,2284272,796336,3733,792603
27,12.2687,2314452,796336,3738,792598
27,15.0888,2380036,796336,3739,792597
27,18.104,3384345,796336,3744,792592
27,12.7358,2403486,796336,3740,792596
27,19.1005,2372623,796336,3744,792592
27,12.1299,2288646,796336,3736,792600
27,12.1152,2285310,796336,3737,792599
27,12.093,2281156,796336,3734,792602
27,12.105,2283912,796336,3737,792599
28,12.0738,2277296,796468,3603,792865
28,13.3862,2285871,796468,3605,792863
28,12.0806,2278658,796468,3602,792866
28,12.0597,2274708,796468,3598,792870
28,12.0562,2274132,796468,3603,792865
28,12.1008,2282587,796468,3602,792866
28,12.0738,2278288,796468,3604,792864
28,13.6393,2277648,796468,3600,792868
28,12.6288,2280062,796468,3599,792869
28,12.7792,2412556,796468,3616,792852
29,13.9539,2442342,796591,3474,793117
29,12.0273,2268723,796591,3471,793120
29,12.8024,2415801,796591,3477,793114
29,12.0268,2268906,796591,3477,793114
29,12.0289,2268899,796591,3477,793114
29,12.3478,2315249,796591,3478,793113
29,12.0603,2274884,796591,3477,793114
29,12.1749,2297293,796591,3481,793110
29,12.0602,2274686,796591,3475,793116
29,13.255,2500587,796591,3512,793079
30,13.1452,2463870,796706,3368,793338
30,12.0092,2266881,796706,3362,793344
30,11.9962,2263651,796706,3363,793343
30,12.2799,2297940,796706,3365,793341
30,11.9965,2262850,796706,3359,793347
30,11.9967,2262845,796706,3362,793344
30,12.4662,2340893,796706,3364,793342
30,18.1843,3432146,796706,3370,793336
30,12.4657,2352415,796706,3359,793347
30,12.0668,2276196,796706,3363,793343
31,12.723,2385540,796814,3257,793557
31,12.7439,2388074,796814,3246,793568
31,11.9778,2259946,796814,3256,793558
31,12.6925,2383533,796814,3259,793555
31,12.6211,2380556,796814,3252,793562
31,11.9939,2262328,796814,3254,793560
31,12.6298,2382305,796814,3258,793556
31,11.9729,2258621,796814,3254,793560
31,12.7486,2342297,796814,3255,793559
31,17.712,3313943,796814,3269,793545
32,12.6532,2386508,796915,3151,793764
32,13.0665,2465821,796915,3156,793759
32,12.6547,2386742,796915,3150,793765
32,12.6688,2389570,796915,3145,793770
32,12.4434,2341172,796915,3154,793761
32,11.9493,2253990,796915,3155,793760
32,12.8191,2313690,796915,3157,793758
32,11.9496,2254310,796915,3156,793759
32,13.3127,2392600,796915,3154,793761
32,15.2446,2341978,796915,3157,793758
33,11.9365,2252793,797009,3060,793949
33,11.9211,2248829,797009,3056,793953
33,11.936,2251356,797009,3058,793951
33,11.9328,2250684,797009,3058,793951
33,12.7047,2396353,797009,3058,793951
33,11.9222,2248915,797009,3059,793950
33,11.9293,2249969,797009,3062,793947
33,11.9364,2253211,797009,3062,793947
33,12.3813,2338255,797009,3065,793944
33,11.9371,2251612,797009,3064,793945
34,12.1671,2294905,797098,2968,794130
34,17.0328,2288728,797098,2980,794118
34,13.5515,2557901,797098,2974,794124
34,11.9145,2247834,797098,2974,794124
34,11.9047,2246706,797098,2976,794122
34,11.9094,2246581,797098,2976,794122
34,11.9157,2247835,797098,2971,794127
34,12.4036,2341082,797098,2987,794111
34,11.9077,2246133,797098,2972,794126
34,13.0965,2470456,797098,2978,794120
35,11.8908,2244321,797182,2887,794295
35,20.6308,2257270,797182,2888,794294
35,12.2351,2307860,797182,2888,794294
35,11.8918,2243041,797182,2889,794293
35,11.8912,2243128,797182,2886,794296
35,15.9812,2393794,797182,2898,794284
35,11.8945,2243493,797182,2892,794290
35,11.8762,2240223,797182,2890,794292
35,11.8941,2243726,797182,2889,794293
35,11.8945,2243486,797182,2887,794295
36,12.3347,2327262,797262,2808,794454
36,13.5747,2265964,797262,2815,794447
36,11.8577,2237506,797262,2807,794455
36,11.8565,2236389,797262,2803,794459
36,20.6791,2246465,797262,2809,794453
36,11.8576,2236699,797262,2804,794458
36,12.9449,2441854,797262,2809,794453
36,11.8585,2236782,797262,2810,794452
36,12.2626,2313120,797262,2816,794446
36,11.8822,2241377,797262,2803,794459
37,11.8542,2236016,797337,2733,794604
37,11.8539,2235964,797337,2729,794608
37,11.8373,2232847,797337,2733,794604
37,11.8361,2232341,797337,2733,794604
37,17.1304,3158019,797337,2752,794585
37,12.3111,2322693,797337,2736,794601
37,12.3752,2317295,797337,2732,794605
37,11.8541,2235899,797337,2734,794603
37,11.8366,2232873,797337,2736,794601
37,13.4631,2327910,797337,2733,794604
38,11.8459,2235590,797408,2661,794747
38,11.8189,2229321,797408,2665,794743
38,11.7901,2224849,797408,2664,794744
38,11.8181,2229084,797408,2664,794744
38,11.9683,2243535,797408,2662,794746
38,11.8186,2229617,797408,2661,794747
38,11.82,2229684,797408,2661,794747
38,12.0806,2263899,797408,2660,794748
38,11.8466,2234614,797408,2663,794745
38,11.8178,2229346,797408,2663,794745
39,11.8113,2227994,797475,2593,794882
39,15.7192,2993903,797475,2599,794876
39,12.1203,2288167,797475,2594,794881
39,11.8053,2227684,797475,2602,794873
39,14.9988,2323739,797475,2600,794875
39,11.817,2229399,797475,2594,794881
39,11.8162,2229063,797475,2596,794879
39,11.8101,2227939,797475,2596,794879
39,11.8077,2227534,797475,2593,794882
39,11.8116,2228119,797475,2595,794880
40,11.8069,2227039,797540,2531,795009
40,11.7989,2225912,797540,2533,795007
40,12.4295,2344652,797540,2531,795009
40,13.0351,2460038,797540,2538,795002
40,17.5881,2228671,797540,2531,795009
40,11.7988,2225758,797540,2526,795014
40,11.9582,2255885,797540,2530,795010
40,11.8047,2226875,797540,2524,795016
40,11.8062,2227269,797540,2527,795013
40,11.805,2227027,797540,2528,795012
41,11.7717,2220270,797600,2467,795133
41,12.8873,2225785,797600,2471,795129
41,11.7956,2225147,797600,2475,795125
41,11.7718,2220354,797600,2463,795137
41,11.8407,2222460,797600,2471,795129
41,11.7715,2221250,797600,2471,795129
41,11.7933,2224980,797600,2478,795122
41,11.7895,2223552,797600,2468,795132
41,11.7919,2224349,797600,2473,795127
41,12.049,2274333,797600,2477,795123
42,11.8896,2226559,797659,2416,795243
42,12.4949,2356809,797659,2409,795250
42,11.7637,2219302,797659,2412,795247
42,11.7676,2219655,797659,2406,795253
42,16.0839,2370984,797659,2430,795229
42,11.8301,2220112,797659,2412,795247
42,11.765,2219233,797659,2410,795249
42,11.7604,2218442,797659,2410,795249
42,12.3226,2222861,797659,2412,795247
42,12.8904,2221496,797659,2410,795249
43,12.6041,2377235,797714,2354,795360
43,12.6039,2377485,797714,2353,795361
43,11.7402,2214294,797714,2353,795361
43,12.5978,2376274,797714,2350,795364
43,11.7603,2218328,797714,2353,795361
43,11.7558,2217418,797714,2358,795356
43,11.7413,2214711,797714,2355,795359
43,11.7898,2225084,797714,2357,795357
43,11.7588,2217859,797714,2356,795358
43,11.942,2252880,797714,2360,795354
44,12.6047,2377239,797767,2302,795465
44,11.7431,2215379,797767,2301,795466
44,12.2495,2311920,797767,2327,795440
44,13.7507,2370629,797767,2305,795462
44,11.7317,2213230,797767,2302,795465
44,11.7286,2212200,797767,2300,795467
44,11.7411,2214699,797767,2300,795467
44,11.7399,2215044,797767,2299,795468
44,11.7396,2214363,797767,2306,795461
44,11.7651,2218993,797767,2301,795466
45,11.7278,2212297,797817,2257,795560
45,11.9104,2232715,797817,2256,795561
45,11.8488,2235124,797817,2256,795561
45,11.7407,2214615,797817,2249,795568
45,11.7174,2210422,797817,2254,795563
45,11.734,2213262,797817,2254,795563
45,19.096,3605037,797817,2266,795551
45,11.7148,2209738,797817,2254,795563
45,11.7381,2213955,797817,2252,795565
45,11.7159,2210635,797817,2247,795570
46,11.7005,2207260,797866,2199,795667
46,13.1344,2357356,797866,2204,795662
46,12.7461,2404795,797866,2200,795666
46,11.7153,2211858,797866,2202,795664
46,11.7209,2211938,797866,2202,795664
46,11.718,2211132,797866,2206,795660
46,11.701,2207194,797866,2207,795659
46,11.7199,2210550,797866,2200,795666
46,11.7212,2211228,797866,2203,795663
46,11.7101,2208808,797866,2203,795663
47,11.7052,2208408,797912,2160,795752
47,11.7027,2207550,797912,2157,795755
47,16.2642,2354754,797912,2160,795752
47,12.0768,2278342,797912,2165,795747
47,11.6912,2207019,797912,2161,795751
47,12.7339,2391701,797912,2161,795751
47,11.7122,2209405,797912,2153,795759
47,12.7527,2406602,797912,2162,795750
47,11.6904,2205594,797912,2158,795754
47,12.1021,2260938,797912,2156,795756
48,12.5024,2251463,797956,2120,795836
48,11.6839,2204348,797956,2118,795838
48,12.9037,2416822,797956,2114,795842
48,11.6828,2203439,797956,2113,795843
48,11.6811,2204439,797956,2113,795843
48,11.686,2204533,797956,2113,795843
48,12.7369,2403039,797956,2114,795842
48,12.7357,2402531,797956,2110,795846
48,11.6838,2204349,797956,2114,795842
48,11.6915,2205378,797956,2111,795845
49,11.6678,2201336,797999,2074,795925
49,12.4414,2346523,797999,2068,795931
49,12.4456,2347656,797999,2069,795930
49,12.7747,2308065,797999,2067,795932
49,12.4414,2347038,797999,2068,795931
49,11.6648,2200250,797999,2073,795926
49,11.6795,2202984,797999,2073,795926
49,11.6643,2200490,797999,2074,795925
49,11.6583,2199800,797999,2072,795927
49,11.6705,2201472,797999,2073,795926
50,12.4938,2343936,798040,2032,796008
50,15.7735,3005899,798040,2030,796010
50,12.4253,2343630,798040,2024,796016
50,12.5375,2355039,798040,2033,796007
50,12.1641,2278129,798040,2031,796009
50,11.6629,2199995,798040,2029,796011
50,11.6735,2201779,798040,2027,796013
50,11.6668,2203170,798040,2032,796008
50,12.422,2343092,798040,2030,796010
50,12.3486,2317031,798040,2032,796008
51,11.6519,2197960,798079,1995,796084
51,12.3461,2328487,798079,1986,796093
51,12.6354,2383596,798079,1992,796087
51,11.6522,2198208,798079,1992,796087
51,12.5455,2353189,798079,1990,796089
51,11.6518,2197704,798079,1993,796086
51,11.6554,2199340,798079,1994,796085
51,11.6517,2197905,798079,1987,796092
51,12.4954,2358044,798079,1991,796088
51,11.6536,2198593,798079,1993,796086
52,11.6493,2197750,798116,1952,796164
52,11.6496,2200048,798116,1950,796166
52,11.6402,2195857,798116,1955,796161
52,11.6462,2196656,798116,1953,796163
52,11.6425,2197394,798116,1954,796162
52,11.6406,2195986,798116,1955,796161
52,11.6463,2196961,798116,1957,796159
52,11.6452,2196499,798116,1955,796161
52,11.6503,2197555,798116,1956,796160
52,12.7545,2406381,798116,1980,796136
53,11.9035,2235413,798153,1919,796234
53,12.6842,2315998,798153,1920,796233
53,11.6384,2195316,798153,1917,796236
53,12.4065,2330228,798153,1917,796236
53,12.277,2315903,798153,1917,796236
53,11.6358,2196162,798153,1922,796231
53,11.6293,2193521,798153,1916,796237
53,11.631,2194003,798153,1916,796237
53,13.318,2519435,798153,1916,796237
53,11.6272,2193310,798153,1912,796241
54,12.5136,2344874,798188,1882,796306
54,11.6328,2194060,798188,1879,796309
54,12.2245,2309231,798188,1880,796308
54,11.6483,2197056,798188,1883,796305
54,13.5007,2318448,798188,1889,796299
54,11.624,2192790,798188,1885,796303
54,12.3045,2320895,798188,1887,796301
54,11.6231,2192486,798188,1879,796309
54,12.991,2350921,798188,1880,796308
54,12.3076,2314053,798188,1884,796304
55,14.032,2345577,798221,1851,796370
55,11.9745,2243981,798221,1847,796374
55,11.6147,2190989,798221,1846,796375
55,12.9418,2431953,798221,1852,796369
55,11.6159,2190918,798221,1846,796375
55,11.6164,2190976,798221,1850,796371
55,11.6236,2192851,798221,1849,796372
55,18.6301,2309544,798221,1851,796370
55,15.8076,3008442,798221,1858,796363
55,12.9851,2334254,798221,1851,796370
56,12.2327,2307449,798254,1814,796440
56,13.5025,2255264,798254,1813,796441
56,13.6622,2579621,798254,1838,796416
56,12.3827,2279234,798254,1817,796437
56,11.6024,2188465,798254,1817,796437
56,11.6109,2190098,798254,1817,796437
56,12.9721,2448468,798254,1827,796427
56,17.1907,3248798,798254,1824,796430
56,11.6128,2190548,798254,1813,796441
56,12.2912,2308569,798254,1812,796442
57,11.9152,2248798,798285,1792,796493
57,11.595,2187396,798285,1787,796498
57,12.4825,2354765,798285,1787,796498
57,12.2964,2319420,798285,1780,796505
57,12.3107,2324798,798285,1788,796497
57,11.5942,2187000,798285,1783,796502
57,12.3047,2320948,798285,1786,796499
57,11.6077,2189669,798285,1787,796498
57,11.6009,2189078,798285,1786,796499
57,11.6069,2189310,798285,1786,796499
58,11.5954,2187467,798315,1753,796562
58,11.6049,2194074,798315,1756,796559
58,12.3354,2327229,798315,1757,796558
58,12.1401,2289827,798315,1752,796563
58,12.1296,2287794,798315,1753,796562
58,11.8699,2239456,798315,1774,796541
58,12.1316,2288287,798315,1757,796558
58,11.5939,2187519,798315,1755,796560
58,12.1357,2288957,798315,1753,796562
58,12.9598,2212583,798315,1749,796566
59,12.1915,2299605,798345,1724,796621
59,18.3564,2192715,798345,1723,796622
59,12.4732,2352835,798345,1730,796615
59,12.1906,2299462,798345,1727,796618
59,17.6533,3348694,798345,1752,796593
59,12.1822,2297622,798345,1720,796625
59,12.2066,2302849,798345,1727,796618
59,12.8169,2326093,798345,1740,796605
59,13.1981,2289067,798345,1730,796615
59,11.5834,2184704,798345,1724,796621
60,11.6019,2188510,798373,1696,796677
60,11.6013,2189329,798373,1696,796677
60,11.5751,2183392,798373,1699,796674
60,12.2369,2308651,798373,1714,796659
60,15.2834,2908613,798373,1701,796672
60,11.5831,2185215,798373,1697,796676
60,11.5744,2183482,798373,1696,796677
60,11.5828,2185610,798373,1696,796677
60,11.6014,2188485,798373,1698,796675
60,12.3158,2323303,798373,1695,796678
61,11.5846,2185521,798400,1674,796726
61,13.905,2623511,798400,1676,796724
61,11.5684,2182227,798400,1666,796734
61,11.5656,2181472,798400,1671,796729
61,11.5746,2183313,798400,1670,796730
61,11.5669,2181728,798400,1673,796727
61,12.2246,2290182,798400,1674,796726
61,11.5695,2183342,798400,1672,796728
61,11.574,2183224,798400,1669,796731
61,12.0624,2275938,798400,1671,796729
62,11.5586,2181357,798427,1643,796784
62,11.5585,2180249,798427,1645,796782
62,12.183,2298148,798427,1643,796784
62,18.2719,2309617,798427,1642,796785
62,12.1808,2298130,798427,1647,796780
62,11.5695,2182398,798427,1640,796787
62,12.1825,2298468,798427,1643,796784
62,11.5666,2181907,798427,1637,796790
62,11.5671,2181934,798427,1640,796787
62,12.182,2297762,798427,1634,796793
63,11.5718,2182852,798452,1618,796834
63,13.5491,2548561,798452,1651,796801
63,11.5622,2180975,798452,1620,796832
63,11.5503,2178591,798452,1615,796837
63,11.5556,2179759,798452,1617,796835
63,12.2006,2301352,798452,1616,796836
63,12.0185,2257703,798452,1621,796831
63,11.5603,2180678,798452,1618,796834
63,11.5618,2180999,798452,1621,796831
63,11.5617,2180714,798452,1613,796839
64,11.549,2178313,798477,1587,796890
64,14.7721,2820874,798477,1595,796882
64,12.2035,2301962,798477,1588,796889
64,12.2017,2301367,798477,1588,796889
64,13.3897,2312034,798477,1592,796885
64,11.5575,2180196,798477,1594,796883
64,12.1964,2300515,798477,1592,796885
64,11.5561,2179773,798477,1595,796882
64,12.0416,2264028,798477,1598,796879
64,12.2007,2301611,798477,1599,796878
65,12.1355,2288923,798501,1571,796930
65,11.5479,2179582,798501,1569,796932
65,12.2954,2254303,798501,1574,796927
65,11.5453,2178103,798501,1567,796934
65,13.5702,2562128,798501,1573,796928
65,11.5456,2177682,798501,1572,796929
65,11.8758,2228329,798501,1567,796934
65,11.5437,2177565,798501,1573,796928
65,11.727,2212921,798501,1594,796907
65,11.5398,2176650,798501,1565,796936
66,12.1421,2290510,798524,1543,796981
66,11.5501,2179495,798524,1546,796978
66,11.5457,2177982,798524,1544,796980
66,11.9236,2184607,798524,1547,796977
66,12.2001,2301083,798524,1549,796975
66,12.1277,2287313,798524,1547,796977
66,13.7034,2302439,798524,1538,796986
66,11.5439,2183543,798524,1544,796980
66,19.2858,3639812,798524,1564,796960
66,12.3052,2304002,798524,1545,796979
67,12.3658,2298483,798547,1519,797028
67,11.7573,2218471,798547,1532,797015
67,11.5292,2174622,798547,1526,797021
67,11.5322,2175550,798547,1522,797025
67,11.5365,2176482,798547,1519,797028
67,11.5358,2175942,798547,1521,797026
67,12.5554,2356465,798547,1526,797021
67,11.5355,2176773,798547,1524,797023
67,11.5324,2177315,798547,1512,797035
67,16.1202,2256057,798547,1523,797024
68,11.5236,2173591,798569,1500,797069
68,11.526,2174141,798569,1498,797071
68,15.7638,2222469,798569,1508,797061
68,11.5284,2174975,798569,1498,797071
68,12.8527,2211671,798569,1498,797071
68,12.5488,2250735,798569,1506,797063
68,12.8822,2430456,798569,1505,797064
68,12.2351,2288748,798569,1497,797072
68,12.1276,2287560,798569,1500,797069
68,12.242,2294336,798569,1499,797070
69,12.2523,2294563,798590,1480,797110
69,11.516,2172596,798590,1482,797108
69,12.0844,2279907,798590,1486,797104
69,11.5216,2173346,798590,1481,797109
69,11.5259,2174321,798590,1481,797109
69,14.5039,2765274,798590,1483,797107
69,12.1421,2290244,798590,1478,797112
69,11.5175,2172557,798590,1478,797112
69,11.5255,2174130,798590,1481,797109
69,12.7271,2400819,798590,1487,797103
70,12.1514,2292140,798611,1457,797154
70,11.5343,2175781,798611,1461,797150
70,12.1204,2286036,798611,1456,797155
70,12.202,2288894,798611,1456,797155
70,12.1554,2292880,798611,1458,797153
70,11.5263,2174755,798611,1457,797154
70,12.119,2285879,798611,1451,797160
70,12.1546,2292464,798611,1460,797151
70,12.46,2351061,798611,1461,797150
70,12.1557,2292834,798611,1461,797150
71,11.511,2171314,798631,1437,797194
71,11.5122,2171671,798631,1442,797189
71,11.5113,2171374,798631,1440,797191
71,11.5202,2173370,798631,1442,797189
71,16.8332,3189421,798631,1451,797180
71,11.5073,2170678,798631,1438,797193
71,11.519,2172896,798631,1433,797198
71,12.3573,2331516,798631,1439,797192
71,13.8709,2288917,798631,1439,797192
71,11.519,2172782,798631,1437,797194
72,12.122,2286970,798651,1412,797239
72,12.1216,2286604,798651,1412,797239
72,11.5029,2169662,798651,1420,797231
72,11.5047,2170246,798651,1418,797233
72,11.506,2170499,798651,1416,797235
72,12.7047,2396722,798651,1419,797232
72,12.2821,2318954,798651,1414,797237
72,11.5034,2169715,798651,1417,797234
72,11.5026,2169772,798651,1422,797229
72,11.5065,2170622,798651,1415,797236
73,11.5064,2170315,798670,1400,797270
73,12.3028,2324021,798670,1399,797271
73,12.1343,2288733,798670,1396,797274
73,11.5041,2171041,798670,1396,797274
73,11.5096,2171877,798670,1404,797266
73,11.498,2169274,798670,1399,797271
73,11.5039,2170259,798670,1399,797271
73,11.4975,2168908,798670,1400,797270
73,11.504,2169953,798670,1397,797273
73,12.1339,2288753,798670,1400,797270
74,11.4984,2169353,798688,1378,797310
74,15.5614,2954306,798688,1395,797293
74,12.2705,2294872,798688,1382,797306
74,11.8633,2237977,798688,1385,797303
74,12.12,2286019,798688,1378,797310
74,12.2366,2287642,798688,1378,797310
74,11.4954,2168363,798688,1382,797306
74,12.1158,2285441,798688,1379,797309
74,11.5014,2169462,798688,1382,797306
74,11.8763,2230273,798688,1383,797305
75,11.4929,2167783,798706,1366,797340
75,18.1583,2289697,798706,1363,797343
75,16.2705,2696454,798706,1374,797332
75,11.5049,2170557,798706,1363,797343
75,11.4933,2167912,798706,1360,797346
75,11.5048,2170294,798706,1364,797342
75,11.4915,2167599,798706,1362,797344
75,11.7803,2210513,798706,1363,797343
75,12.127,2287359,798706,1363,797343
75,11.4927,2168017,798706,1364,797342
76,12.1189,2286690,798724,1344,797380
76,12.2841,2317961,798724,1367,797357
76,11.4806,2165581,798724,1347,797377
76,12.341,2230120,798724,1348,797376
76,11.4814,2166465,798724,1348,797376
76,11.4923,2168128,798724,1344,797380
76,11.4878,2167065,798724,1349,797375
76,12.1792,2298312,798724,1348,797376
76,11.496,2168386,798724,1342,797382
76,11.4853,2166234,798724,1344,797380
77,11.4869,2167975,798741,1326,797415
77,11.8985,2238315,798741,1328,797413
77,11.9342,2241049,798741,1332,797409
77,11.5831,2169971,798741,1324,797417
77,12.3357,2327467,798741,1326,797415
77,11.4832,2166328,798741,1332,797409
77,12.1148,2284941,798741,1325,797416
77,11.4877,2166884,798741,1332,797409
77,11.48,2165487,798741,1325,797416
77,11.4878,2167190,798741,1330,797411
78,11.4779,2165378,798757,1316,797441
78,12.1638,2294740,798757,1310,797447
78,11.4787,2167807,798757,1308,797449
78,12.6682,2389801,798757,1319,797438
78,12.1722,2296548,798757,1312,797445
78,11.4783,2165041,798757,1316,797441
78,11.4769,2165440,798757,1312,797445
78,11.4738,2164391,798757,1312,797445
78,11.7812,2242658,798757,1330,797427
78,14.0127,2287315,798757,1316,797441
79,11.4732,2165650,798774,1295,797479
79,12.1465,2290942,798774,1296,797478
79,12.2335,2308074,798774,1297,797477
79,11.4732,2164220,798774,1294,797480
79,11.4716,2164114,798774,1292,797482
79,17.8805,2207289,798774,1297,797477
79,11.4713,2163678,798774,1296,797478
79,13.2591,2479730,798774,1319,797455
79,11.4715,2163793,798774,1295,797479
79,12.0807,2266118,798774,1300,797474
80,11.4741,2164291,798790,1284,797506
80,12.3201,2325011,798790,1296,797494
80,11.4744,2165733,798790,1279,797511
80,11.943,2214237,798790,1281,797509
80,11.4674,2163606,798790,1282,797508
80,11.4745,2164625,798790,1279,797511
80,12.6427,2373242,798790,1295,797495
80,13.5642,2285079,798790,1275,797515
80,12.1108,2284166,798790,1275,797515
80,11.4677,2163624,798790,1279,797511
81,11.4622,2162026,798805,1266,797539
81,11.4617,2161899,798805,1268,797537
81,12.1166,2285473,798805,1265,797540
81,12.1067,2283429,798805,1261,797544
81,11.8537,2222594,798805,1263,797542
81,11.4611,2162140,798805,1264,797541
81,19.5865,3370684,798805,1275,797530
81,12.9008,2403407,798805,1271,797534
81,11.4601,2162066,798805,1265,797540
81,11.4721,2164370,798805,1268,797537
82,12.1148,2285541,798820,1246,797574
82,12.1091,2285082,798820,1246,797574
82,11.4624,2163246,798820,1248,797572
82,11.4628,2162250,798820,1248,797572
82,12.0729,2180326,798820,1250,797570
82,11.4637,2163654,798820,1248,797572
82,12.1125,2285386,798820,1246,797574
82,11.4681,2163358,798820,1251,797569
82,11.4575,2162787,798820,1246,797574
82,11.4593,2161570,798820,1250,797570
83,12.845,2397010,798835,1251,797584
83,12.1137,2284706,798835,1233,797602
83,11.4606,2162994,798835,1237,797598
83,11.4557,2161141,798835,1235,797600
83,12.8504,2391413,798835,1244,797591
83,11.4612,2163598,798835,1232,797603
83,11.4555,2160913,798835,1232,797603
83,11.4573,2161782,798835,1238,797597
83,11.4567,2160900,798835,1235,797600
83,11.8994,2228330,798835,1234,797601
84,11.4576,2161608,798849,1217,797632
84,11.4591,2162217,798849,1213,797636
84,11.4581,2161520,798849,1224,797625
84,12.4207,2344531,798849,1240,797609
84,12.7715,2339554,798849,1231,797618
84,11.4541,2160564,798849,1219,797630
84,12.0343,2270355,798849,1223,797626
84,11.4514,2160539,798849,1221,797628
84,19.6982,2288673,798849,1221,797628
84,12.1158,2285274,798849,1220,797629
85,12.4786,2287238,798863,1207,797656
85,11.4488,2159990,798863,1207,797656
85,11.4568,2161532,798863,1209,797654
85,12.9196,2421864,798863,1212,797651
85,16.8575,3205927,798863,1211,797652
85,11.4522,2160357,798863,1208,797655
85,11.4566,2161042,798863,1206,797657
85,11.4481,2159554,798863,1205,797658
85,12.1167,2285355,798863,1202,797661
85,19.7112,2317410,798863,1208,797655
86,11.4457,2158874,798877,1183,797694
86,11.4433,2159624,798877,1191,797686
86,11.6964,2191746,798877,1196,797681
86,11.4493,2160041,798877,1193,797684
86,12.1169,2287256,798877,1195,797682
86,12.4893,2287506,798877,1192,797685
86,12.119,2286601,798877,1184,797693
86,11.785,2223696,798877,1192,797685
86,12.1214,2287878,798877,1195,797682
86,11.4492,2159553,798877,1196,797681
87,11.4363,2158534,798890,1183,797707
87,11.46,2161982,798890,1181,797709
87,12.1215,2292799,798890,1179,797711
87,12.1217,2286405,798890,1179,797711
87,11.4599,2161844,798890,1182,797708
87,12.1174,2286291,798890,1177,797713
87,11.7645,2219515,798890,1185,797705
87,11.5519,2165618,798890,1184,797706
87,11.4423,2158419,798890,1180,797710
87,11.5894,2187258,798890,1181,797709
88,19.1256,3583257,798903,1190,797713
88,11.4433,2158451,798903,1164,797739
88,11.4476,2159507,798903,1163,797740
88,15.8196,2236026,798903,1169,797734
88,11.4461,2159704,798903,1169,797734
88,11.4401,2157849,798903,1171,797732
88,12.1221,2286946,798903,1164,797739
88,12.1199,2286250,798903,1166,797737
88,11.4379,2157388,798903,1165,797738
88,12.1233,2286631,798903,1165,797738
89,15.4204,2937805,798916,1158,797758
89,11.4341,2157223,798916,1151,797765
89,12.1137,2284792,798916,1152,797764
89,12.1208,2286402,798916,1155,797761
89,11.4349,2156899,798916,1158,797758
89,12.1229,2286468,798916,1150,797766
89,12.7385,2312757,798916,1153,797763
89,16.1075,3049875,798916,1161,797755
89,11.4544,2161646,798916,1154,797762
89,12.1993,2283271,798916,1155,797761
90,11.4316,2157666,798928,1141,797787
90,12.3334,2283602,798928,1142,797786
90,12.9123,2436606,798928,1157,797771
90,12.1184,2287738,798928,1142,797786
90,12.2719,2316569,798928,1146,797782
90,11.8661,2239024,798928,1155,797773
90,11.432,2157257,798928,1139,797789
90,11.4341,2156951,798928,1143,797785
90,11.4337,2156917,798928,1137,797791
90,13.3473,2196670,798928,1143,797785
91,12.1233,2286933,798941,1129,797812
91,11.4328,2158511,798941,1129,797812
91,13.0922,2216343,798941,1126,797815
91,12.1224,2287526,798941,1122,797819
91,12.1222,2286585,798941,1125,797816
91,11.433,2157474,798941,1124,797817
91,12.1222,2286680,798941,1127,797814
91,11.4325,2156264,798941,1124,797817
91,12.1225,2286614,798941,1126,797815
91,12.1249,2287367,798941,1126,797815
92,11.4341,2157908,798953,1118,797835
92,12.2238,2291559,798953,1110,797843
92,12.1219,2286421,798953,1111,797842
92,12.1942,2287386,798953,1116,797837
92,11.4289,2155796,798953,1120,797833
92,11.4302,2156817,798953,1115,797838
92,11.4281,2155683,798953,1118,797835
92,11.4344,2156975,798953,1120,797833
92,12.1198,2286952,798953,1114,797839
92,12.02,2256497,798953,1116,797837
93,11.427,2155440,798964,1103,797861
93,11.5165,2172859,798964,1103,797861
93,12.1735,2286848,798964,1102,797862
93,11.4202,2154458,798964,1107,797857
93,11.4276,2155530,798964,1105,797859
93,11.9652,2247212,798964,1104,797860
93,11.4276,2156192,798964,1107,797857
93,12.1133,2284753,798964,1097,797867
93,12.1136,2284960,798964,1109,797855
93,16.0777,2343993,798964,1122,797842
94,11.4244,2154790,798976,1093,797883
94,12.311,2234104,798976,1093,797883
94,11.4231,2154850,798976,1096,797880
94,12.1795,2280567,798976,1095,797881
94,12.126,2288355,798976,1091,797885
94,12.1279,2287588,798976,1092,797884
94,14.8978,2354089,798976,1107,797869
94,12.1231,2286794,798976,1090,797886
94,11.4215,2154892,798976,1096,797880
94,16.9217,2262925,798976,1093,797883
95,11.4189,2153966,798987,1086,797901
95,11.8849,2211546,798987,1089,797898
95,14.6386,2295755,798987,1087,797900
95,11.4214,2154326,798987,1082,797905
95,12.128,2288141,798987,1084,797903
95,12.3025,2321140,798987,1088,797899
95,11.4213,2154301,798987,1080,797907
95,12.7047,2382608,798987,1088,797899
95,12.1196,2205804,798987,1081,797906
95,13.4343,2297257,798987,1085,797902
96,11.4186,2154066,798998,1071,797927
96,11.417,2154306,798998,1071,797927
96,12.1145,2285718,798998,1071,797927
96,11.417,2153748,798998,1071,797927
96,12.4221,2326904,798998,1069,797929
96,11.4124,2152635,798998,1068,797930
96,11.4118,2153057,798998,1067,797931
96,12.114,2285303,798998,1068,797930
96,11.6075,2176095,798998,1074,797924
96,11.4161,2153221,798998,1075,797923
97,11.4125,2152596,799009,1061,797948
97,16.1762,3057564,799009,1110,797899
97,12.6796,2314583,799009,1072,797937
97,11.4144,2153731,799009,1057,797952
97,11.4151,2153352,799009,1061,797948
97,17.3424,3278398,799009,1074,797935
97,11.4158,2153406,799009,1060,797949
97,11.6983,2196859,799009,1060,797949
97,11.4162,2153303,799009,1059,797950
97,12.1287,2287740,799009,1066,797943
98,12.2161,2293917,799019,1051,797968
98,11.4099,2153714,799019,1047,797972
98,11.416,2153280,799019,1052,797967
98,11.4086,2152226,799019,1053,797966
98,11.4168,2153415,799019,1052,797967
98,12.0919,2261531,799019,1051,797968
98,11.4086,2152466,799019,1054,797965
98,11.4102,2152204,799019,1051,797968
98,12.2231,2293061,799019,1048,797971
98,12.1059,2283919,799019,1050,797969
99,11.4073,2153317,799029,1044,797985
99,16.3543,2268431,799029,1048,797981
99,11.4053,2151460,799029,1036,797993
99,11.7575,2208596,799029,1042,797987
99,11.4061,2153537,799029,1047,797982
99,11.4103,2152207,799029,1041,797988
99,11.4107,2154218,799029,1040,797989
99,11.4116,2152848,799029,1041,797988
99,12.0673,2276481,799029,1041,797988
99,12.2042,2277865,799029,1039,797990
100,11.4026,2150730,799040,1027,798013
100,11.4061,2151480,799040,1030,798010
100,11.403,2150944,799040,1030,798010
100,11.4024,2150936,799040,1032,798008
100,11.4055,2151491,799040,1028,798012
100,12.5567,2369591,799040,1032,798008
100,11.4111,2152922,799040,1033,798007
100,11.6337,2180676,799040,1030,798010
100,14.0677,2656665,799040,1038,798002
100,11.4024,2151169,799040,1031,798009
