3,8.734,1638678,366706,21,366685
3,8.68066,1638912,366706,23,366683
3,8.68018,1637870,366706,18,366688
3,12.2129,2305906,366706,23,366683
3,8.68032,1637894,366706,20,366686
3,8.67981,1638121,366706,19,366687
3,8.7107,1639992,366706,22,366684
3,8.68178,1640830,366706,27,366679
3,8.68115,1638446,366706,23,366683
3,8.73363,1638562,366706,26,366680
4,9.15649,1727461,375040,24,375016
4,9.15559,1727294,375040,19,375021
4,9.26207,1748218,375040,26,375014
4,9.15593,1728727,375040,24,375016
4,9.15612,1727807,375040,24,375016
4,9.21513,1728293,375040,26,375014
4,9.15651,1727783,375040,28,375012
4,9.15643,1727537,375040,30,375010
4,10.8979,1728981,375040,25,375015
4,9.1558,1728356,375040,20,375020
5,9.34241,1762743,380040,24,380016
5,13.6409,1763950,380040,29,380011
5,9.34155,1763660,380040,22,380018
5,9.34186,1762535,380040,26,380014
5,9.33367,1761123,380040,98,379942
5,9.34162,1762496,380040,23,380017
5,9.34222,1763598,380040,26,380014
5,9.34184,1762813,380040,24,380016
5,9.34224,1762790,380040,23,380017
5,9.34256,1762698,380040,27,380013
6,9.25301,1745702,383373,30,383343
6,9.25257,1745714,383373,33,383340
6,9.25277,1745559,383373,30,383343
6,9.25208,1745614,383373,28,383345
6,9.25212,1745726,383373,26,383347
6,9.25313,1746890,383373,32,383341
6,9.25193,1745606,383373,25,383348
6,9.25245,1746051,383373,31,383342
6,9.25426,1746022,383373,32,383341
6,9.68862,1828754,383373,29,383344
7,9.5384,1799625,385754,26,385728
7,9.53885,1799835,385754,28,385726
7,11.5381,2065550,385754,5317,380437
7,9.53882,1800366,385754,27,385727
7,9.53908,1799863,385754,30,385724
7,9.53846,1799609,385754,24,385730
7,9.98436,1884441,385754,564,385190
7,9.53918,1800122,385754,29,385725
7,9.53804,1799486,385754,24,385730
7,9.60065,1800556,385754,28,385726
8,9.51959,1795936,387540,28,387512
8,9.52036,1796435,387540,30,387510
8,13.4164,1798006,387540,30,387510
8,9.51971,1796381,387540,28,387512
8,9.51973,1796164,387540,30,387510
8,9.51892,1796253,387540,27,387513
8,9.51926,1796422,387540,26,387514
8,9.51835,1797235,387540,22,387518
8,9.84037,1847966,387540,32,387508
8,9.52041,1796073,387540,24,387516
9,12.4485,2256499,388928,3218,385710
9,9.62173,1815337,388928,25,388903
9,9.7588,1841353,388928,30,388898
9,9.62071,1815273,388928,21,388907
9,9.62072,1815278,388928,23,388905
9,9.62112,1815421,388928,27,388901
9,9.62248,1815661,388928,23,388905
9,9.62136,1815037,388928,26,388902
9,9.62199,1815363,388928,28,388900
9,9.62153,1815455,388928,26,388902
10,9.66367,1823396,390040,26,390014
10,9.66304,1823011,390040,26,390014
10,9.71143,1824210,390040,30,390010
10,16.4135,1907390,390040,28,390012
10,9.66448,1823817,390040,25,390015
10,9.66588,1823434,390040,29,390011
10,9.66438,1823372,390040,30,390010
10,9.6647,1823445,390040,25,390015
10,9.6646,1823343,390040,28,390012
10,13.4099,1824677,390040,29,390011
11,9.69987,1830942,390949,25,390924
11,9.70062,1831010,390949,27,390922
11,9.69965,1829934,390949,22,390927
11,9.70017,1830310,390949,25,390924
11,9.70012,1829976,390949,28,390921
11,9.70117,1830982,390949,29,390920
11,9.70036,1830059,390949,26,390923
11,9.79092,1831028,390949,26,390923
11,9.70005,1830103,390949,29,390920
11,13.0715,2398124,390949,2101,388848
12,16.1093,1839681,391706,29,391677
12,9.74425,1838666,391706,41,391665
12,9.79512,1848972,391706,98,391608
12,9.73251,1836051,391706,26,391680
12,9.78203,1837145,391706,33,391673
12,9.73399,1836628,391706,25,391681
12,9.76879,1842871,391706,26,391680
12,9.77641,1844526,391706,26,391680
12,15.6802,1839726,391706,35,391671
12,9.73834,1837282,391706,35,391671
13,9.80098,1849142,392347,31,392316
13,10.4618,1976731,392347,47,392300
13,10.3775,1852973,392347,30,392317
13,10.1534,1917838,392347,49,392298
13,10.4165,1853419,392347,32,392315
13,11.1573,2109298,392347,78,392269
13,10.4008,1964447,392347,41,392306
13,13.313,2518276,392347,45,392302
13,9.79983,1848704,392347,26,392321
13,9.80034,1848823,392347,27,392320
14,10.0007,1856969,392897,31,392866
14,9.79652,1849009,392897,27,392870
14,9.91239,1849009,392897,32,392865
14,9.79557,1848192,392897,27,392870
14,9.79642,1848612,392897,29,392868
14,9.79539,1848476,392897,26,392871
14,10.2034,1926171,392897,50,392847
14,13.5558,2573683,392897,84,392813
14,15.2151,2875843,392897,54,392843
14,16.1791,2839550,392897,78,392819
15,9.81042,1852335,393373,33,393340
15,9.83866,1857793,393373,23,393350
15,10.7331,2003837,393373,41,393332
15,13.0109,2462529,393373,71,393302
15,9.84007,1857462,393373,30,393343
15,9.80955,1850613,393373,27,393346
15,9.83658,1857277,393373,26,393347
15,9.81558,1852091,393373,28,393345
15,11.3644,2146972,393373,67,393306
15,14.8575,2805964,393373,53,393320
16,9.85318,1858994,393790,22,393768
16,9.85352,1859722,393790,23,393767
16,9.87478,1863599,393790,106,393684
16,9.85375,1859904,393790,21,393769
16,9.86036,1860628,393790,33,393757
16,9.8731,1863045,393790,101,393689
16,9.8732,1862588,393790,99,393691
16,9.93261,1863172,393790,101,393689
16,9.87265,1862802,393790,96,393694
16,9.87324,1863557,393790,103,393687
17,9.97829,1867942,394157,33,394124
17,10.6365,1965055,394157,50,394107
17,9.86763,1862596,394157,25,394132
17,9.86866,1861787,394157,28,394129
17,9.86704,1861463,394157,24,394133
17,9.86742,1861667,394157,22,394135
17,9.86753,1861645,394157,28,394129
17,11.0943,1863117,394157,32,394125
17,9.86718,1861627,394157,23,394134
17,9.94707,1862726,394157,29,394128
18,9.86029,1861464,394484,32,394452
18,9.91526,1874989,394484,27,394457
18,9.85971,1861367,394484,20,394464
18,9.85919,1861987,394484,23,394461
18,10.4241,1863944,394484,30,394454
18,9.98151,1870823,394484,34,394450
18,9.85982,1860372,394484,25,394459
18,9.86047,1860270,394484,26,394458
18,9.86031,1860108,394484,27,394457
18,27.1878,2661863,394484,58,394426
19,10.0868,1894541,394776,36,394740
19,9.88012,1864427,394776,31,394745
19,9.87785,1863603,394776,25,394751
19,10.0251,1868564,394776,33,394743
19,14.814,2798857,394776,70,394706
19,14.0273,2652534,394776,95,394681
19,16.6718,3082614,394776,28,394748
19,16.1539,3048920,394776,63,394713
19,13.7263,2455033,394776,65,394711
19,9.87867,1864473,394776,26,394750
20,9.903,1871266,395040,28,395012
20,10.0797,1903573,395040,35,395005
20,11.5017,2158281,395040,72,394968
20,9.88988,1866845,395040,29,395011
20,10.2949,1945784,395040,48,394992
20,10.0063,1890751,395040,26,395014
20,10.4175,1943029,395040,49,394991
20,14.1262,2669820,395040,3352,391688
20,9.89633,1868223,395040,25,395015
20,9.88895,1865645,395040,24,395016
21,9.88565,1866545,395278,22,395256
21,10.0463,1896114,395278,124,395154
21,9.88393,1865009,395278,24,395254
21,10.9231,1892093,395278,39,395239
21,14.5623,2723849,395278,71,395207
21,9.88507,1866884,395278,23,395255
21,9.91997,1866742,395278,35,395243
21,9.88468,1864842,395278,28,395250
21,9.88387,1864710,395278,27,395251
21,9.8835,1865000,395278,24,395254
22,9.90501,1868974,395494,28,395466
22,9.90492,1869465,395494,20,395474
22,9.90529,1868935,395494,25,395469
22,12.1965,2306603,395494,49,395445
22,9.90809,1869061,395494,29,395465
22,10.0469,1876152,395494,28,395466
22,10.136,1883168,395494,35,395459
22,15.337,2900994,395494,66,395428
22,14.756,2789065,395494,83,395411
22,16.3658,3011072,395494,38,395456
23,9.94036,1879939,395692,27,395665
23,9.92485,1873570,395692,31,395661
23,9.9241,1872984,395692,19,395673
23,9.92475,1872550,395692,26,395666
23,9.9249,1873826,395692,25,395667
23,10.1622,1890639,395692,25,395667
23,9.92536,1872910,395692,30,395662
23,15.1254,2858423,395692,32,395660
23,10.2261,1873107,395692,26,395666
23,16.4409,3105330,395692,39,395653
24,10.0099,1879921,395873,44,395829
24,11.1212,1877055,395873,27,395846
24,16.1073,2729859,395873,78,395795
24,18.8258,3135521,395873,39,395834
24,16.7919,3147483,395873,41,395832
24,18.4432,3118663,395873,36,395837
24,13.1855,2493752,395873,57,395816
24,10.553,1874687,395873,25,395848
24,9.94792,1878474,395873,39,395834
24,9.9887,1890913,395873,38,395835
25,9.92923,1874479,396040,28,396012
25,10.0592,1879881,396040,31,396009
25,10.1476,1886018,396040,26,396014
25,9.92984,1874587,396040,29,396011
25,9.9295,1874292,396040,30,396010
25,16.5519,3086053,396040,43,395997
25,10.7753,1876382,396040,30,396010
25,10.2385,1875223,396040,23,396017
25,17.6815,1876726,396040,27,396013
25,9.93655,1876502,396040,23,396017
26,9.93699,1874790,396193,28,396165
26,9.95179,1877775,396193,24,396169
26,9.93494,1874745,396193,25,396168
26,10.4424,1970539,396193,63,396130
26,9.93553,1874294,396193,28,396165
26,10.0178,1891203,396193,31,396162
26,9.93679,1874706,396193,31,396162
26,9.93531,1874295,396193,24,396169
26,9.93617,1874397,396193,31,396162
26,9.93606,1874803,396193,27,396166
27,12.6144,2354383,396336,40,396296
27,9.93432,1879513,396336,27,396309
27,9.94155,1875546,396336,26,396310
27,9.93341,1874850,396336,24,396312
27,9.94247,1876542,396336,25,396311
27,9.93363,1874130,396336,27,396309
27,10.679,2015368,396336,286,396050
27,9.93318,1874009,396336,27,396309
27,9.94134,1875707,396336,29,396307
27,9.93353,1873987,396336,27,396309
28,9.93531,1874727,396468,25,396443
28,9.93584,1874378,396468,27,396441
28,9.93418,1874536,396468,24,396444
28,9.93515,1874601,396468,32,396436
28,10.1869,1922272,396468,30,396438
28,9.93517,1874275,396468,29,396439
28,9.93367,1874136,396468,20,396448
28,9.93497,1874696,396468,23,396445
28,9.93561,1874504,396468,25,396443
28,9.9357,1874347,396468,31,396437
29,9.94906,1877195,396591,27,396564
29,10.0233,1877880,396591,28,396563
29,9.9495,1877818,396591,32,396559
29,9.94817,1876815,396591,27,396564
29,10.2765,1939098,396591,199,396392
29,9.94847,1878381,396591,23,396568
29,9.9521,1878309,396591,27,396564
29,9.95803,1882392,396591,26,396565
29,9.94885,1877796,396591,29,396562
29,9.94912,1876759,396591,27,396564
30,9.95412,1879177,396706,27,396679
30,13.7376,2600939,396706,66,396640
30,12.0809,2266866,396706,72,396634
30,10.2685,1879083,396706,24,396682
30,9.95318,1878069,396706,24,396682
30,9.95286,1877702,396706,17,396689
30,9.95692,1879833,396706,25,396681
30,10.063,1884286,396706,31,396675
30,9.95552,1878022,396706,26,396680
30,9.95322,1877913,396706,20,396686
31,10.017,1879171,396814,27,396787
31,9.95584,1879756,396814,26,396788
31,9.96519,1880891,396814,25,396789
31,10.8084,2041891,396814,55,396759
31,15.1981,2658858,396814,81,396733
31,16.8367,3109261,396814,339,396475
31,15.319,2894769,396814,68,396746
31,9.96659,1881262,396814,25,396789
31,9.96551,1882146,396814,20,396794
31,10.0897,1907867,396814,36,396778
32,9.97016,1881501,396915,27,396888
32,9.9696,1881591,396915,29,396886
32,9.97013,1881495,396915,42,396873
32,10.1597,1901788,396915,45,396870
32,9.97048,1882101,396915,30,396885
32,9.96985,1880898,396915,23,396892
32,9.96941,1881983,396915,24,396891
32,15.3556,2899125,396915,31,396884
32,9.96967,1881707,396915,24,396891
32,9.97129,1882143,396915,28,396887
33,9.97253,1882283,397009,28,396981
33,10.6682,2015695,397009,25,396984
33,9.96308,1879411,397009,27,396982
33,9.96385,1879768,397009,25,396984
33,9.96235,1879449,397009,23,396986
33,13.5582,2563804,397009,56,396953
33,9.96323,1879715,397009,27,396982
33,9.97076,1881287,397009,25,396984
33,9.96381,1879788,397009,31,396978
33,9.96267,1879487,397009,24,396985
34,10.7656,2030900,397098,2983,394115
34,10.7713,2032200,397098,2984,394114
34,10.7698,2031703,397098,2984,394114
34,10.7841,2035213,397098,2980,394118
34,10.8532,2034611,397098,2987,394111
34,10.7688,2031854,397098,2982,394116
34,10.8774,2038334,397098,2984,394114
34,10.7884,2035129,397098,2974,394124
34,10.7897,2035345,397098,2983,394115
34,10.769,2031496,397098,2981,394117
35,10.7412,2026462,397182,2881,394301
35,10.7402,2026477,397182,2880,394302
35,10.7409,2026256,397182,2880,394302
35,10.8134,2027206,397182,2880,394302
35,10.7424,2026605,397182,2883,394299
35,10.7423,2027092,397182,2883,394299
35,10.7364,2025787,397182,2881,394301
35,10.7507,2028756,397182,2885,394297
35,10.7401,2026046,397182,2881,394301
35,10.7396,2026021,397182,2879,394303
36,10.7396,2026326,397262,2888,394374
36,10.7427,2026635,397262,2888,394374
36,10.7075,2021185,397262,2802,394460
36,10.7338,2024807,397262,2885,394377
36,10.7403,2026045,397262,2887,394375
36,11.7202,2160945,397262,2863,394399
36,10.7457,2027031,397262,2881,394381
36,10.7457,2026910,397262,2887,394375
36,10.755,2028968,397262,2885,394377
36,10.7512,2028628,397262,2890,394372
37,10.7889,2025356,397337,2807,394530
37,10.7189,2022294,397337,2812,394525
37,10.7232,2023073,397337,2811,394526
37,25.5656,2360064,397337,2773,394564
37,10.7189,2021929,397337,2813,394524
37,10.7236,2023169,397337,2810,394527
37,10.7251,2023124,397337,2814,394523
37,10.7195,2022109,397337,2810,394527
37,10.8188,2027442,397337,2796,394541
37,10.7247,2022929,397337,2810,394527
38,10.7086,2020418,397408,2739,394669
38,14.5906,2084387,397408,2743,394665
38,10.7057,2019521,397408,2740,394668
38,10.7087,2020344,397408,2742,394666
38,10.9438,2052697,397408,2744,394664
38,10.7028,2019833,397408,2741,394667
38,10.7031,2019116,397408,2744,394664
38,10.711,2020698,397408,2739,394669
38,10.7107,2020762,397408,2738,394670
38,10.7023,2020399,397408,2744,394664
39,10.6984,2019396,397475,2674,394801
39,10.6834,2016181,397475,2663,394812
39,10.7071,2019868,397475,2678,394797
39,10.6928,2017089,397475,2672,394803
39,10.69,2016732,397475,2674,394801
39,10.6807,2015435,397475,2663,394812
39,10.6917,2016962,397475,2670,394805
39,10.6904,2016641,397475,2662,394813
39,10.6891,2016345,397475,2676,394799
39,10.7969,2021523,397475,2675,394800
40,10.6896,2017068,397540,2611,394929
40,10.6887,2016166,397540,2609,394931
40,12.4787,2046484,397540,2524,395016
40,13.3343,2442798,397540,2888,394652
40,10.6978,2018329,397540,2611,394929
40,10.6639,2013267,397540,2524,395016
40,10.6929,2017146,397540,2608,394932
40,10.6884,2016369,397540,2611,394929
40,10.6859,2015793,397540,2609,394931
40,10.6876,2016165,397540,2609,394931
41,10.6526,2009968,397600,2465,395135
41,10.6685,2014194,397600,2549,395051
41,10.6445,2007998,397600,2461,395139
41,10.683,2015383,397600,2550,395050
41,10.6795,2014764,397600,2550,395050
41,10.6806,2014980,397600,2550,395050
41,10.6822,2015207,397600,2549,395051
41,10.6756,2013825,397600,2545,395055
41,10.6805,2015197,397600,2545,395055
41,10.7546,2015907,397600,2464,395136
42,10.6392,2008016,397659,2405,395254
42,12.3506,2355188,397659,2404,395255
42,10.6563,2011410,397659,2402,395257
42,10.6544,2009885,397659,2399,395260
42,10.6569,2010433,397659,2404,395255
42,10.6637,2011666,397659,2451,395208
42,10.6525,2009483,397659,2402,395257
42,10.6572,2010733,397659,2404,395255
42,10.6504,2009686,397659,2403,395256
42,10.6563,2011062,397659,2406,395253
43,10.6374,2006488,397714,2354,395360
43,14.7663,2794162,397714,2351,395363
43,10.6221,2004085,397714,2350,395364
43,10.6322,2005592,397714,2344,395370
43,10.6226,2003766,397714,2349,395365
43,10.627,2004621,397714,2349,395365
43,10.6361,2007413,397714,2350,395364
43,10.6345,2006518,397714,2353,395361
43,10.6244,2005401,397714,2348,395366
43,10.6355,2006627,397714,2343,395371
44,10.723,2007438,397767,2380,395387
44,10.6404,2010014,397767,2380,395387
44,10.6373,2007546,397767,2380,395387
44,10.6152,2002788,397767,2298,395469
44,10.6359,2006420,397767,2382,395385
44,10.9161,2041975,397767,2369,395398
44,11.0958,2096131,397767,2375,395392
44,10.6296,2005258,397767,2382,395385
44,10.6432,2007713,397767,2381,395386
44,11.2717,2097144,397767,2393,395374
45,10.6182,2003306,397817,2245,395572
45,10.6198,2003250,397817,2249,395568
45,10.6062,2001055,397817,2241,395576
45,15.4616,2890445,397817,2253,395564
45,16.8871,3191878,397817,2252,395565
45,17.3987,3240564,397817,2249,395568
45,11.0912,2059374,397817,2318,395499
45,10.6385,2010480,397817,2327,395490
45,10.7571,2031453,397817,2330,395487
45,10.8479,2013738,397817,2314,395503
46,10.6107,2003232,397866,2194,395672
46,10.7946,2038478,397866,2202,395664
46,10.5965,1999905,397866,2196,395670
46,11.4175,2037524,397866,2201,395665
46,10.5948,1999243,397866,2198,395668
46,10.8705,2041604,397866,2199,395667
46,10.6033,2001398,397866,2199,395667
46,10.6101,2001534,397866,2196,395670
46,10.6012,2001417,397866,2198,395668
46,10.6001,2000133,397866,2196,395670
47,10.5922,1998428,397912,2149,395763
47,12.0701,2279431,397912,2215,395697
47,10.5754,1995261,397912,2153,395759
47,11.6198,2192588,397912,2233,395679
47,10.5926,1998639,397912,2154,395758
47,11.7423,2219510,397912,2204,395708
47,14.7059,2049301,397912,2174,395738
47,10.6168,2003895,397912,2235,395677
47,14.6252,2003064,397912,2242,395670
47,10.6132,2002319,397912,2236,395676
48,10.5928,1999382,397956,2191,395765
48,10.5951,1999611,397956,2191,395765
48,15.2129,2003549,397956,2200,395756
48,10.5953,2000360,397956,2193,395763
48,10.5943,1999504,397956,2188,395768
48,10.5684,1995265,397956,2106,395850
48,10.605,2001580,397956,2110,395846
48,10.7683,2031888,397956,2193,395763
48,10.5954,1998911,397956,2188,395768
48,10.5931,1998798,397956,2191,395765
49,10.5689,1993808,397999,2062,395937
49,10.5592,1993477,397999,2060,395939
49,10.5625,1993252,397999,2064,395935
49,11.419,2161104,397999,2078,395921
49,10.5626,1992429,397999,2063,395936
49,10.5611,1992287,397999,2066,395933
49,10.6942,2002846,397999,2135,395864
49,10.9979,2075971,397999,2092,395907
49,10.5744,1996671,397999,2067,395932
49,10.6781,1994784,397999,2091,395908
50,10.5748,1995208,398040,2109,395931
50,10.5514,1990460,398040,2023,396017
50,10.569,1993903,398040,2103,395937
50,11.0204,2082604,398040,2026,396014
50,10.583,1996408,398040,2101,395939
50,10.5758,1996247,398040,2104,395936
50,11.1987,2113522,398040,2023,396017
50,10.674,1998177,398040,2111,395929
50,10.5563,1991589,398040,2025,396015
50,10.728,1998793,398040,2023,396017
51,10.5641,1994916,398079,2066,396013
51,11.1293,1997451,398079,2069,396010
51,10.6012,1989174,398079,1984,396095
51,10.5474,1990400,398079,1988,396091
51,10.538,1988492,398079,1982,396097
51,10.5474,1991037,398079,1984,396095
51,11.2081,2000268,398079,1992,396087
51,10.5399,1991382,398079,1984,396095
51,11.1209,1995798,398079,2068,396011
51,10.5659,1993727,398079,2068,396011
52,10.5317,1986876,398116,1949,396167
52,21.0072,2596408,398116,1951,396165
52,10.5344,1987611,398116,1945,396171
52,10.5338,1987820,398116,1945,396171
52,17.2888,1991050,398116,1975,396141
52,10.5374,1989444,398116,1949,396167
52,10.5528,1990763,398116,2030,396086
52,13.3521,1996904,398116,1947,396169
52,11.8424,1988253,398116,1952,396164
52,10.5297,1986595,398116,1947,396169
53,11.5568,2184241,398153,1911,396242
53,11.7129,2213807,398153,1940,396213
53,10.5257,1987212,398153,1912,396241
53,10.5437,1988962,398153,1909,396244
53,10.6524,1996448,398153,1910,396243
53,10.5263,1985673,398153,1911,396242
53,10.5262,1986561,398153,1915,396238
53,10.5273,1985959,398153,1913,396240
53,10.5276,1985979,398153,1914,396239
53,10.5241,1986872,398153,1908,396245
54,14.7766,1991943,398188,1953,396235
54,10.5147,1983803,398188,1878,396310
54,10.5175,1984138,398188,1876,396312
54,10.5327,1986957,398188,1960,396228
54,10.5538,1990933,398188,1956,396232
54,10.5356,1987384,398188,1876,396312
54,10.5523,1990758,398188,1962,396226
54,10.5069,1981960,398188,1873,396315
54,10.5073,1983104,398188,1873,396315
54,10.5212,1984812,398188,1874,396314
55,10.5131,1984033,398221,1843,396378
55,12.441,1988655,398221,1844,396377
55,10.5122,1983218,398221,1843,396378
55,10.5073,1982169,398221,1841,396380
55,10.5092,1982706,398221,1842,396379
55,10.509,1983866,398221,1842,396379
55,10.5098,1982633,398221,1856,396365
55,10.5072,1982753,398221,1843,396378
55,11.7853,2225750,398221,1842,396379
55,10.6309,1994111,398221,1838,396383
56,10.5047,1981598,398254,1811,396443
56,10.5084,1982366,398254,1811,396443
56,10.5067,1982263,398254,1806,396448
56,10.5008,1981068,398254,1805,396449
56,10.5646,1982744,398254,1811,396443
56,10.5042,1981653,398254,1807,396447
56,10.6802,2015301,398254,1813,396441
56,11.0669,1985609,398254,1810,396444
56,10.6962,2018201,398254,1815,396439
56,14.216,1983632,398254,1809,396445
57,10.5155,1983981,398285,1859,396426
57,10.5132,1983311,398285,1862,396423
57,10.5133,1983407,398285,1861,396424
57,10.4916,1979129,398285,1776,396509
57,10.6352,1985366,398285,1778,396507
57,10.5132,1983954,398285,1859,396426
57,10.5134,1983193,398285,1860,396425
57,10.5826,1984630,398285,1858,396427
57,10.5133,1983627,398285,1865,396420
57,10.5242,1987136,398285,1861,396424
58,10.6793,1991113,398315,1829,396486
58,10.4811,1977075,398315,1750,396565
58,11.0183,2081926,398315,1818,396497
58,10.5032,1982124,398315,1834,396481
58,10.4803,1977252,398315,1746,396569
58,10.5125,1983122,398315,1834,396481
58,14.988,2852135,398315,1769,396546
58,10.9435,2066024,398315,1756,396559
58,10.4796,1977244,398315,1750,396565
58,10.4894,1979576,398315,1747,396568
59,10.5001,1981383,398345,1786,396559
59,10.4829,1977825,398345,1721,396624
59,11.5651,2183355,398345,1764,396581
59,10.4936,1979757,398345,1756,396589
59,10.5411,1993224,398345,1756,396589
59,10.6715,1984238,398345,1784,396561
59,10.4794,1977198,398345,1722,396623
59,10.4886,1978523,398345,1751,396594
59,10.4847,1977733,398345,1732,396613
59,10.5013,1980966,398345,1794,396551
60,10.5122,1976699,398373,1690,396683
60,16.5751,1979644,398373,1694,396679
60,15.7861,2983635,398373,1696,396677
60,17.0805,3225834,398373,1707,396666
60,18.1276,3210081,398373,1695,396678
60,10.4711,1978417,398373,1685,396688
60,10.7282,1985828,398373,1690,396683
60,10.4968,1982443,398373,1769,396604
60,10.6851,1990170,398373,1758,396615
60,10.6347,2007422,398373,1693,396680
61,10.4971,1982266,398400,1741,396659
61,10.4979,1981361,398400,1747,396653
61,10.4964,1981149,398400,1745,396655
61,10.5213,1977233,398400,1666,396734
61,10.5326,1980163,398400,1743,396657
61,10.4687,1974911,398400,1661,396739
61,10.4963,1980225,398400,1747,396653
61,10.4968,1980450,398400,1746,396654
61,10.4888,1978654,398400,1744,396656
61,10.4705,1977028,398400,1665,396735
62,13.2058,2503785,398427,1636,396791
62,16.3907,2219163,398427,1664,396763
62,15.4221,2853163,398427,1650,396777
62,10.5869,1998186,398427,1634,396793
62,13.0851,2473948,398427,1685,396742
62,10.4881,1982280,398427,1715,396712
62,12.8424,2426759,398427,1640,396787
62,10.4849,1979738,398427,1719,396708
62,10.4843,1979573,398427,1712,396715
62,10.7668,2033176,398427,1638,396789
63,10.4565,1974458,398452,1613,396839
63,10.4548,1973280,398452,1612,396840
63,10.7418,2031380,398452,1614,396838
63,10.4552,1973034,398452,1613,396839
63,15.7755,2979684,398452,1629,396823
63,10.4552,1973709,398452,1610,396842
63,10.6238,1981582,398452,1618,396834
63,10.4562,1975407,398452,1610,396842
63,10.677,2015887,398452,1611,396841
63,10.7979,2038322,398452,1635,396817
64,10.4538,1973330,398477,1587,396890
64,10.4549,1973057,398477,1587,396890
64,10.4464,1970687,398477,1586,396891
64,10.4774,1976561,398477,1673,396804
64,12.3961,2346610,398477,1615,396862
64,10.5747,1981390,398477,1665,396812
64,10.4507,1971251,398477,1582,396895
64,10.4504,1971508,398477,1587,396890
64,10.4503,1971363,398477,1590,396887
64,16.2163,3060526,398477,1592,396885
65,10.4673,1976615,398501,1647,396854
65,10.4676,1975838,398501,1646,396855
65,10.6421,2008070,398501,1584,396917
65,10.4669,1975290,398501,1645,396856
65,10.4433,1969962,398501,1557,396944
65,10.4689,1975515,398501,1644,396857
65,10.4443,1970222,398501,1560,396941
65,10.7409,2027288,398501,1562,396939
65,10.4661,1974554,398501,1647,396854
65,10.4664,1974465,398501,1643,396858
66,10.5485,1977850,398524,1541,396983
66,22.6404,2856008,398524,1562,396962
66,15.6281,2961171,398524,1550,396974
66,17.3421,3273340,398524,1534,396990
66,17.0369,3216655,398524,1545,396979
66,11.0043,1973097,398524,1541,396983
66,10.5784,1980957,398524,1539,396985
66,10.4432,1970943,398524,1537,396987
66,10.4414,1971268,398524,1537,396987
66,10.4446,1971162,398524,1541,396983
67,16.1744,3052675,398547,1525,397022
67,10.4524,1971759,398547,1598,396949
67,10.7289,2030519,398547,1589,396958
67,10.4562,1973067,398547,1595,396952
67,10.7027,2003541,398547,1597,396950
67,10.4356,1968833,398547,1518,397029
67,10.4529,1972833,398547,1594,396953
67,10.4928,1967702,398547,1517,397030
67,10.4275,1969313,398547,1514,397033
67,10.4524,1972177,398547,1600,396947
68,10.4496,1971230,398569,1577,396992
68,11.6061,1972200,398569,1577,396992
68,10.4218,1966640,398569,1492,397077
68,10.4446,1970251,398569,1575,396994
68,10.4305,1967610,398569,1496,397073
68,10.5984,1984366,398569,1575,396994
68,10.4299,1967661,398569,1491,397078
68,10.4467,1971022,398569,1575,396994
68,10.437,1972391,398569,1494,397075
68,10.449,1971070,398569,1574,396995
69,10.4175,1965043,398590,1471,397119
69,10.4165,1965897,398590,1471,397119
69,10.4322,1969012,398590,1475,397115
69,10.4282,1968268,398590,1491,397099
69,10.4408,1969575,398590,1553,397037
69,10.4178,1965246,398590,1475,397115
69,10.4271,1967320,398590,1483,397107
69,10.4195,1967452,398590,1477,397113
69,10.4427,1969919,398590,1544,397046
69,11.4645,1969230,398590,1521,397069
70,10.4184,1965701,398611,1453,397158
70,10.4306,1967984,398611,1454,397157
70,10.424,1966552,398611,1452,397159
70,10.4156,1964748,398611,1454,397157
70,10.4279,1967283,398611,1455,397156
70,10.4226,1966096,398611,1452,397159
70,10.5805,1996194,398611,1466,397145
70,10.4179,1967268,398611,1449,397162
70,10.4206,1966248,398611,1456,397155
70,10.4149,1965167,398611,1454,397157
71,12.9416,2445195,398631,1448,397183
71,10.646,2008736,398631,1453,397178
71,10.5131,1971732,398631,1434,397197
71,10.4135,1964440,398631,1432,397199
71,10.4108,1965139,398631,1434,397197
71,10.4103,1963798,398631,1434,397197
71,10.4113,1963948,398631,1429,397202
71,10.4115,1964263,398631,1426,397205
71,10.4105,1964055,398631,1429,397202
71,10.4108,1963943,398631,1433,397198
72,10.415,1964806,398651,1413,397238
72,10.4046,1962706,398651,1415,397236
72,10.4135,1964451,398651,1410,397241
72,10.4158,1965093,398651,1414,397237
72,10.4094,1963942,398651,1411,397240
72,11.8486,2247355,398651,1416,397235
72,10.4092,1963991,398651,1405,397246
72,10.4133,1964304,398651,1412,397239
72,16.0708,1966074,398651,1407,397244
72,10.4103,1964163,398651,1412,397239
73,10.4018,1962176,398670,1394,397276
73,10.5393,1968459,398670,1395,397275
73,10.4027,1962427,398670,1396,397274
73,10.4032,1962469,398670,1387,397283
73,11.2127,2117494,398670,1410,397260
73,10.4015,1962284,398670,1389,397281
73,10.402,1962277,398670,1396,397274
73,10.4036,1962836,398670,1395,397275
73,10.4073,1963320,398670,1391,397279
73,10.4038,1962553,398670,1395,397275
74,10.4031,1962937,398688,1376,397312
74,10.4065,1962954,398688,1376,397312
74,10.4078,1963431,398688,1378,397310
74,10.4015,1962356,398688,1374,397314
74,10.41,1963926,398688,1372,397316
74,10.4048,1963120,398688,1372,397316
74,10.4068,1963231,398688,1370,397318
74,10.4034,1962566,398688,1371,397317
74,10.4119,1964362,398688,1376,397312
74,10.3995,1961804,398688,1375,397313
75,10.3961,1961330,398706,1357,397349
75,10.3929,1961926,398706,1357,397349
75,10.3927,1960406,398706,1357,397349
75,15.963,1965556,398706,1358,397348
75,15.6238,2002061,398706,1366,397340
75,10.3935,1960966,398706,1356,397350
75,10.8275,2042827,398706,1355,397351
75,10.5175,1971839,398706,1359,397347
75,10.3953,1961653,398706,1356,397350
75,10.3928,1960573,398706,1355,397351
76,10.4812,1964026,398724,1416,397308
76,10.4047,1962886,398724,1415,397309
76,10.4041,1962778,398724,1419,397305
76,12.1114,2302224,398724,1367,397357
76,10.4084,1963930,398724,1420,397304
76,10.4067,1963032,398724,1415,397309
76,10.386,1959142,398724,1340,397384
76,11.2377,2105240,398724,1402,397322
76,10.4045,1962773,398724,1417,397307
76,10.408,1963782,398724,1419,397305
77,11.5706,1964883,398741,1400,397341
77,10.4022,1962463,398741,1400,397341
77,10.5671,1971721,398741,1402,397339
77,10.4013,1962597,398741,1401,397340
77,10.4026,1962565,398741,1399,397342
77,14.6081,1964062,398741,1399,397342
77,10.4035,1962774,398741,1405,397336
77,10.4042,1963046,398741,1398,397343
77,10.4067,1963228,398741,1403,397338
77,10.4039,1962808,398741,1395,397346
78,10.3955,1961013,398757,1389,397368
78,10.3961,1961005,398757,1386,397371
78,10.4003,1963431,398757,1380,397377
78,10.4002,1962422,398757,1384,397373
78,10.6728,2014868,398757,1383,397374
78,10.4018,1962191,398757,1387,397370
78,15.4862,2925921,398757,1324,397433
78,10.4053,1965163,398757,1381,397376
78,10.3777,1958328,398757,1316,397441
78,10.3955,1961062,398757,1385,397372
79,10.5877,1975490,398774,1367,397407
79,10.4458,1961346,398774,1371,397403
79,10.3976,1961511,398774,1368,397406
79,10.3992,1961795,398774,1363,397411
79,10.3985,1963501,398774,1370,397404
79,10.3964,1962229,398774,1368,397406
79,10.393,1961109,398774,1368,397406
79,10.3935,1960584,398774,1368,397406
79,10.3985,1961450,398774,1370,397404
79,10.3976,1963226,398774,1372,397402
80,15.0066,1960603,398790,1270,397520
80,10.456,1960030,398790,1273,397517
80,10.3925,1960474,398790,1277,397513
80,10.3859,1960049,398790,1274,397516
80,10.3976,1962511,398790,1273,397517
80,10.3933,1960571,398790,1273,397517
80,10.3944,1961435,398790,1270,397520
80,10.3952,1962382,398790,1275,397515
80,10.3947,1961545,398790,1273,397517
80,13.9829,2668974,398790,1279,397511
81,10.3828,1960520,398805,1253,397552
81,10.6927,2017579,398805,1264,397541
81,10.376,1957293,398805,1256,397549
81,18.6754,1962852,398805,1330,397475
81,10.473,1964869,398805,1336,397469
81,10.3994,1962184,398805,1337,397468
81,10.4088,1964268,398805,1341,397464
81,10.3993,1962106,398805,1336,397469
81,10.3815,1958580,398805,1254,397551
81,10.3828,1959069,398805,1257,397548
82,10.3996,1961931,398820,1325,397495
82,10.392,1961205,398820,1314,397506
82,10.5386,1970286,398820,1324,397496
82,10.4046,1963228,398820,1324,397496
82,10.5901,1998808,398820,1318,397502
82,10.3719,1956553,398820,1248,397572
82,10.4027,1962482,398820,1318,397502
82,10.3926,1960632,398820,1323,397497
82,10.5922,1973215,398820,1323,397497
82,10.3842,1960754,398820,1243,397577
83,10.3675,1955845,398835,1229,397606
83,10.3714,1958623,398835,1228,397607
83,10.4835,1958838,398835,1230,397605
83,10.3751,1957957,398835,1228,397607
83,10.3688,1956206,398835,1227,397608
83,10.3916,1960582,398835,1309,397526
83,10.3913,1960607,398835,1312,397523
83,10.3737,1956972,398835,1230,397605
83,10.5561,1979536,398835,1234,397601
83,12.982,2462495,398835,1242,397593
84,10.3722,1957154,398849,1213,397636
84,10.3772,1957951,398849,1212,397637
84,10.3788,1958593,398849,1213,397636
84,10.3779,1958033,398849,1213,397636
84,10.4339,1958734,398849,1214,397635
84,10.4175,1958599,398849,1216,397633
84,10.3806,1958299,398849,1213,397636
84,10.3767,1957601,398849,1216,397633
84,10.3819,1958529,398849,1214,397635
84,10.5176,1985591,398849,1215,397634
85,10.3886,1960001,398863,1279,397584
85,10.3879,1961577,398863,1278,397585
85,10.3931,1961748,398863,1280,397583
85,10.3836,1958905,398863,1280,397583
85,11.558,2180933,398863,1218,397645
85,10.3881,1960028,398863,1280,397583
85,10.3832,1959040,398863,1281,397582
85,10.3696,1956267,398863,1201,397662
85,10.3689,1957016,398863,1200,397663
85,10.5569,1961803,398863,1232,397631
86,10.3872,1959631,398877,1265,397612
86,10.3886,1959999,398877,1262,397615
86,10.3809,1958619,398877,1264,397613
86,21.0223,1964271,398877,1186,397691
86,10.3818,1958928,398877,1269,397608
86,10.3809,1958434,398877,1269,397608
86,12.9832,2484763,398877,1198,397679
86,10.3628,1955046,398877,1189,397688
86,10.3896,1959864,398877,1264,397613
86,10.3597,1955054,398877,1188,397689
87,10.4332,1969595,398890,1247,397643
87,10.5887,1997875,398890,1258,397632
87,10.3557,1953417,398890,1175,397715
87,10.4863,1961071,398890,1205,397685
87,10.378,1958274,398890,1254,397636
87,10.3539,1953238,398890,1170,397720
87,10.8774,2062786,398890,1170,397720
87,11.0503,2086361,398890,1249,397641
87,10.3645,1955131,398890,1177,397713
87,10.4672,1975014,398890,1222,397668
88,10.361,1954941,398903,1160,397743
88,10.3621,1956312,398903,1157,397746
88,10.4351,1956959,398903,1158,397745
88,10.3596,1954389,398903,1162,397741
88,10.368,1957331,398903,1152,397751
88,10.3613,1954694,398903,1161,397742
88,10.3615,1955661,398903,1160,397743
88,10.3688,1956164,398903,1162,397741
88,10.5648,1975824,398903,1161,397742
88,10.3629,1955185,398903,1162,397741
89,10.3522,1952952,398916,1150,397766
89,10.375,1957783,398916,1225,397691
89,10.3542,1953607,398916,1148,397768
89,10.3721,1956579,398916,1226,397690
89,10.3766,1957872,398916,1227,397689
89,10.4723,1961888,398916,1152,397764
89,10.3521,1952751,398916,1150,397766
89,10.377,1957815,398916,1230,397686
89,10.3741,1957214,398916,1225,397691
89,10.3765,1957496,398916,1226,397690
90,10.9609,1965202,398928,1196,397732
90,10.3488,1952435,398928,1134,397794
90,10.6014,2000736,398928,1135,397793
90,10.3692,1957297,398928,1217,397711
90,10.4606,1959656,398928,1181,397747
90,10.3709,1956451,398928,1212,397716
90,10.3709,1956469,398928,1216,397712
90,10.4362,1955685,398928,1136,397792
90,10.3709,1956968,398928,1214,397714
90,10.3448,1951734,398928,1133,397795
91,14.7422,1953041,398941,1125,397816
91,10.3464,1951915,398941,1120,397821
91,10.3496,1952480,398941,1120,397821
91,10.3683,1955993,398941,1204,397737
91,10.349,1952444,398941,1124,397817
91,10.4042,1952306,398941,1120,397821
91,10.345,1951631,398941,1118,397823
91,10.6975,2020465,398941,1152,397789
91,10.4662,1952823,398941,1125,397816
91,10.3459,1951959,398941,1125,397816
92,10.3467,1951751,398953,1113,397840
92,10.3468,1952006,398953,1111,397842
92,10.3504,1952473,398953,1106,397847
92,10.3476,1953705,398953,1111,397842
92,10.3471,1952146,398953,1111,397842
92,17.1892,1953522,398953,1112,397841
92,10.3472,1952382,398953,1109,397844
92,10.3469,1952210,398953,1107,397846
92,10.3466,1952094,398953,1111,397842
92,10.3467,1952379,398953,1110,397843
93,10.5126,1984123,398964,1096,397868
93,10.3664,1955513,398964,1174,397790
93,10.3606,1955068,398964,1177,397787
93,12.9082,2400567,398964,1146,397818
93,14.4863,1951913,398964,1095,397869
93,10.3366,1949880,398964,1099,397865
93,10.362,1954757,398964,1182,397782
93,14.5342,1952252,398964,1096,397868
93,10.3386,1950838,398964,1101,397863
93,10.3363,1950502,398964,1100,397864
94,10.3573,1954509,398976,1166,397810
94,10.3443,1951910,398976,1088,397888
94,10.3563,1953850,398976,1165,397811
94,16.4103,2349221,398976,1120,397856
94,10.3595,1954226,398976,1166,397810
94,10.3597,1954391,398976,1165,397811
94,10.3606,1954452,398976,1168,397808
94,10.3343,1949411,398976,1084,397892
94,10.333,1949417,398976,1086,397890
94,10.3377,1950094,398976,1085,397891
95,10.3579,1953873,398987,1157,397830
95,10.358,1954411,398987,1157,397830
95,10.9057,1956746,398987,1129,397858
95,10.3349,1949466,398987,1075,397912
95,16.822,1954578,398987,1132,397855
95,10.5013,1981462,398987,1098,397889
95,10.3348,1949840,398987,1078,397909
95,16.921,1955539,398987,1157,397830
95,10.3346,1949512,398987,1072,397915
95,10.3517,1952861,398987,1129,397858
96,12.3721,2343012,398998,1078,397920
96,10.4026,1950147,398998,1061,397937
96,10.3392,1950640,398998,1065,397933
96,10.3381,1950162,398998,1066,397932
96,10.3337,1949246,398998,1067,397931
96,13.9646,2004170,398998,1069,397929
96,10.3409,1951039,398998,1064,397934
96,10.3356,1949710,398998,1064,397934
96,10.3419,1950794,398998,1065,397933
96,10.3352,1949882,398998,1065,397933
97,10.3571,1953996,399009,1132,397877
97,10.3591,1954385,399009,1137,397872
97,10.4,1953741,399009,1132,397877
97,10.3355,1949879,399009,1056,397953
97,10.6878,2018058,399009,1066,397943
97,10.3313,1949928,399009,1052,397957
97,10.33,1948724,399009,1054,397955
97,10.4435,1956362,399009,1056,397953
97,10.3294,1948702,399009,1053,397956
97,10.3512,1952676,399009,1138,397871
98,10.3513,1952820,399019,1121,397898
98,10.3247,1948331,399019,1046,397973
98,15.5826,2018573,399019,1124,397895
98,10.3521,1952904,399019,1126,397893
98,10.3489,1952539,399019,1124,397895
98,10.3478,1952133,399019,1128,397891
98,10.3518,1952989,399019,1122,397897
98,10.3474,1951965,399019,1121,397898
98,10.3523,1952837,399019,1122,397897
98,19.3252,2759565,399019,1049,397970
99,10.3281,1948284,399029,1035,397994
99,10.3272,1948419,399029,1032,397997
99,10.327,1948493,399029,1037,397992
99,10.3275,1948384,399029,1034,397995
99,10.3266,1948043,399029,1036,397993
99,10.3264,1948026,399029,1033,397996
99,10.3215,1948326,399029,1033,397996
99,10.4223,1954615,399029,1052,397977
99,10.3281,1950247,399029,1037,397992
99,10.3232,1947377,399029,1033,397996
100,10.3301,1948735,399040,1018,398022
100,10.3342,1950560,399040,1028,398012
100,10.3383,1950392,399040,1026,398014
100,10.3303,1948840,399040,1024,398016
100,10.3254,1947905,399040,1021,398019
100,10.33,1948736,399040,1023,398017
100,10.3382,1952044,399040,1018,398022
100,10.3298,1949079,399040,1019,398021
100,10.3367,1951404,399040,1016,398024
100,10.4233,1953305,399040,1022,398018
