3,26.0089,2602971,1166763,49,1166719
3,26.0075,2601916,1166763,47,1166721
3,26.0072,2601888,1166764,49,1166720
4,26.2584,2627061,1175113,54,1175064
4,33.0506,3256723,1311770,13726,1298055
4,26.4142,2627664,1175143,59,1175092
5,26.5509,2642586,1180120,54,1180074
5,26.4076,2641992,1180105,50,1180060
5,26.4075,2641939,1180106,51,1180060
6,26.5074,2652005,1183438,49,1183394
6,26.5075,2651981,1183440,50,1183395
6,26.5075,2651934,1183439,51,1183393
7,26.5788,2659048,1185819,50,1185774
7,26.5788,2659352,1185818,48,1185775
7,26.5789,2659075,1185818,49,1185774
8,26.6324,2664468,1187604,48,1187561
8,26.6325,2664361,1187604,50,1187559
8,26.6325,2664431,1187604,49,1187560
9,26.674,2668616,1188992,49,1188948
9,26.6744,2668704,1188987,50,1188942
9,26.6741,2668587,1188992,50,1188947
10,28.3711,2672969,1190136,59,1190085
10,26.8737,2672659,1190146,58,1190096
10,26.7075,2671898,1190107,51,1190061
11,26.7349,2674632,1191012,49,1190968
11,26.7346,2674967,1191012,49,1190968
11,26.7348,2674674,1191013,51,1190967
12,26.7574,2676944,1191771,48,1191728
12,28.179,2678033,1191795,57,1191746
12,26.9324,2677655,1191815,58,1191765
13,27.2898,2680086,1192441,59,1192393
13,26.7768,2678886,1192411,50,1192366
13,26.7768,2678859,1192411,49,1192367
14,26.7934,2680564,1192962,50,1192917
14,26.7934,2680483,1192962,50,1192917
14,26.7932,2680598,1192962,49,1192918
15,26.8074,2681882,1193436,46,1193395
15,26.8134,2682877,1193435,51,1193389
15,26.8093,2682171,1193435,50,1193390
16,26.82,2683262,1193854,50,1193809
16,26.82,2683198,1193854,49,1193810
16,26.8198,2683175,1193854,49,1193810
17,26.831,2684293,1194222,49,1194178
17,28.3372,2685236,1194251,57,1194202
17,27.3554,2685513,1194245,57,1194199
18,26.8408,2685305,1194550,52,1194503
18,26.8408,2685302,1194550,50,1194505
18,26.8406,2685277,1194550,51,1194504
19,26.8496,2686209,1194839,48,1194796
19,28.2981,2687652,1194864,57,1194815
19,27.3666,2686920,1194861,59,1194810
20,26.8575,2686981,1195107,50,1195062
20,26.8575,2686942,1195105,50,1195060
20,27.3502,2688203,1195128,61,1195078
21,26.8647,2687631,1195342,49,1195298
21,26.8645,2687648,1195342,48,1195299
21,26.8663,2687777,1195342,50,1195297
22,26.8713,2688330,1195562,52,1195515
22,26.8712,2688278,1195563,48,1195520
22,26.8712,2688313,1195559,50,1195514
23,28.3506,2689753,1195788,59,1195737
23,26.8771,2689066,1195756,48,1195713
23,26.877,2688866,1195757,51,1195711
24,26.8824,2689457,1195938,49,1195894
24,28.3912,2690663,1195975,59,1195924
24,27.4225,2690299,1195959,59,1195908
25,27.0133,2690483,1196113,53,1196068
25,27.0272,2690524,1196116,55,1196069
25,27.4361,2690697,1196131,55,1196084
26,26.892,2690385,1196259,49,1196215
26,26.8919,2690390,1196259,49,1196215
26,27.4025,2691629,1196281,60,1196232
27,26.8992,2691187,1196400,50,1196355
27,26.8962,2690784,1196400,49,1196356
27,26.8963,2690835,1196400,50,1196355
28,26.9002,2691183,1196533,50,1196488
28,26.9002,2691312,1196532,49,1196488
28,26.9003,2691207,1196532,49,1196488
29,26.9038,2691538,1196654,48,1196611
29,26.904,2691552,1196654,49,1196610
29,26.9042,2691623,1196654,50,1196609
30,26.9075,2691983,1196771,50,1196726
30,26.9074,2691862,1196771,49,1196727
30,26.9075,2691957,1196771,49,1196727
31,26.9106,2692255,1196878,48,1196835
31,26.9107,2692336,1196878,47,1196836
31,26.9108,2692232,1196878,50,1196833
32,26.9136,2692527,1196979,48,1196936
32,26.9138,2692571,1196981,50,1196936
32,28.4789,2693612,1197009,59,1196958
33,27.4512,2694080,1197098,58,1197051
33,26.9165,2692818,1197072,49,1197028
33,26.9165,2692881,1197072,48,1197029
34,26.9194,2693250,1197164,50,1197119
34,26.9191,2693009,1197164,47,1197122
34,26.9193,2692993,1197164,49,1197120
35,26.9216,2693340,1197246,49,1197202
35,26.9217,2693407,1197246,48,1197203
35,28.4242,2694458,1197278,58,1197229
36,26.9241,2693620,1197326,48,1197283
36,26.9242,2693617,1197326,50,1197281
36,26.9241,2693685,1197326,48,1197283
37,26.9264,2693845,1197400,50,1197355
37,26.9264,2693813,1197400,49,1197356
37,26.9264,2693811,1197401,47,1197359
38,26.9286,2694087,1197473,49,1197429
38,26.9287,2694095,1197468,50,1197423
38,26.9287,2694062,1197473,50,1197428
39,26.9304,2694193,1197539,48,1197496
39,26.9305,2694228,1197540,50,1197495
39,26.9304,2694240,1197539,48,1197496
40,26.9325,2694505,1197604,49,1197560
40,27.0787,2695106,1197616,54,1197570
40,27.0962,2695244,1197647,58,1197597
41,26.9342,2694586,1197665,49,1197621
41,26.9344,2694627,1197664,50,1197619
41,28.5742,2695562,1197694,57,1197645
42,27.078,2695395,1197745,54,1197699
42,28.775,2695825,1197750,57,1197701
42,27.4576,2696052,1197746,60,1197697
43,26.9378,2694937,1197780,51,1197734
43,26.9378,2695040,1197778,49,1197734
43,26.9376,2694967,1197779,51,1197733
44,26.9393,2695090,1197831,48,1197788
44,26.9393,2695116,1197832,49,1197788
44,26.9394,2695148,1197831,49,1197787
45,26.9408,2695254,1197880,50,1197835
45,26.941,2695366,1197881,51,1197835
45,26.9407,2695273,1197880,48,1197837
46,28.4623,2696338,1197956,57,1197907
46,26.9425,2695483,1197932,50,1197887
46,26.9423,2695455,1197931,50,1197886
47,26.9438,2695537,1197976,50,1197931
47,26.9436,2695566,1197977,50,1197932
47,26.9436,2695666,1197976,49,1197932
48,26.945,2695694,1198020,48,1197977
48,26.9448,2695593,1198020,48,1197977
48,26.9448,2695706,1198020,49,1197976
49,27.1151,2696382,1198073,55,1198026
49,26.9462,2695804,1198062,49,1198018
49,26.9461,2695838,1198062,48,1198019
50,26.9474,2695937,1198105,49,1198061
50,26.9475,2696020,1198106,50,1198061
50,26.9475,2695938,1198105,49,1198061
51,26.9486,2696089,1198142,48,1198099
51,26.9487,2696010,1198142,46,1198101
51,26.9485,2696087,1198142,49,1198098
52,26.9496,2696117,1198182,49,1198138
52,26.9504,2696198,1198179,50,1198134
52,26.9496,2696116,1198182,49,1198138
53,26.9508,2696233,1198216,49,1198172
53,26.951,2696309,1198217,50,1198172
53,26.9508,2696304,1198217,49,1198173
54,26.952,2696504,1198253,49,1198209
54,26.9519,2696517,1198253,49,1198209
54,26.9522,2696479,1198253,50,1198208
55,27.5243,2697389,1198310,60,1198258
55,26.9528,2696577,1198284,48,1198241
55,26.9529,2696480,1198284,48,1198241
56,28.6388,2697641,1198346,58,1198296
56,27.095,2697243,1198336,55,1198289
56,26.954,2696591,1198319,50,1198274
57,26.9555,2696762,1198350,52,1198303
57,26.9546,2696723,1198348,49,1198304
57,26.9547,2696627,1198348,48,1198305
58,26.9558,2696797,1198380,50,1198335
58,27.0828,2697456,1198406,58,1198356
58,27.4651,2697806,1198403,66,1198345
59,27.1481,2697432,1198432,55,1198385
59,26.9565,2696839,1198409,51,1198363
59,26.9566,2696893,1198408,48,1198365
60,26.9575,2696907,1198437,49,1198393
60,26.9575,2696954,1198437,48,1198394
60,26.9575,2696905,1198437,50,1198392
61,26.9584,2697054,1198464,50,1198419
61,26.9582,2696986,1198464,49,1198420
61,27.1778,2703637,1198578,71,1198515
62,27.9264,2740965,1204084,1062,1203033
62,26.9587,2697041,1198492,47,1198450
62,26.9591,2697087,1198493,50,1198448
63,26.96,2697337,1198516,49,1198472
63,26.9603,2697162,1198515,51,1198469
63,26.96,2697195,1198516,49,1198472
64,26.9604,2697238,1198543,50,1198498
64,26.9606,2697264,1198542,49,1198498
64,26.9607,2697317,1198542,49,1198498
65,27.6062,2761776,1207775,1586,1206194
65,27.6058,2761760,1207773,1582,1206196
65,28.13,2762540,1207796,1593,1206211
66,27.597,2760879,1206150,1560,1204595
66,27.5974,2761053,1206145,1564,1204586
66,27.5972,2760921,1206150,1562,1204593
67,27.588,2760019,1206055,1538,1204522
67,27.5882,2760068,1206056,1539,1204522
67,27.588,2759974,1206055,1537,1204523
68,27.5646,2757645,1205968,1516,1204457
68,27.5646,2757781,1205968,1515,1204458
68,27.5647,2757786,1205969,1516,1204458
69,27.5714,2758337,1207331,1497,1205839
69,27.7203,2758917,1207338,1500,1205846
69,28.3064,2759086,1207342,1500,1205850
70,27.5633,2757485,1205802,1476,1204331
70,27.5631,2757491,1205802,1475,1204332
70,27.563,2757551,1205801,1473,1204333
71,27.5554,2756742,1205720,1456,1204269
71,27.5554,2756768,1205720,1456,1204269
71,28.0693,2757861,1205730,1462,1204279
72,27.6706,2755142,1205653,1441,1204220
72,27.5336,2754555,1205640,1434,1204211
72,27.5338,2754597,1205642,1434,1204213
73,27.5399,2755204,1206930,1414,1205521
73,27.5399,2755179,1206930,1415,1205520
73,27.54,2755235,1206930,1414,1205521
74,27.5331,2754637,1205494,1398,1204101
74,27.533,2754380,1205494,1397,1204102
74,27.5331,2754578,1205494,1397,1204102
75,27.6059,2754353,1205429,1384,1204053
75,27.6133,2754329,1205428,1384,1204052
75,27.5258,2753731,1205421,1380,1204046
76,28.9564,2752636,1205360,1366,1204002
76,27.6548,2752431,1205371,1368,1204011
76,27.5061,2751864,1205349,1363,1203991
77,27.5126,2752466,1206570,1346,1205229
77,27.5124,2752425,1206574,1344,1205235
77,27.5124,2752572,1206576,1346,1205235
78,27.5069,2751956,1205217,1331,1203891
78,27.5063,2751804,1205219,1331,1203893
78,27.5061,2751973,1205218,1327,1203896
79,27.4997,2751098,1205148,1311,1203842
79,27.4997,2751166,1205148,1311,1203842
79,27.4996,2751215,1205148,1312,1203841
80,27.9765,2750546,1205105,1305,1203811
80,27.4807,2749230,1205084,1294,1203795
80,27.4807,2749287,1205084,1294,1203795
81,27.4875,2750093,1206255,1281,1204979
81,27.4874,2749941,1206255,1281,1204979
81,28.0055,2750659,1206272,1287,1204993
82,27.6005,2749989,1204975,1270,1203713
82,27.6714,2750019,1204982,1271,1203719
82,27.4818,2749405,1204967,1267,1203705
83,27.4757,2748839,1204903,1250,1203658
83,27.4759,2748796,1204903,1250,1203658
83,27.4756,2748790,1204904,1251,1203658
84,27.6007,2747585,1204858,1242,1203624
84,27.4585,2747067,1204848,1236,1203617
84,27.4593,2747165,1204864,1238,1203631
85,27.4649,2747730,1205964,1226,1204743
85,29.0071,2748656,1205973,1232,1204749
85,27.9812,2748695,1205981,1231,1204761
86,27.4596,2747145,1204737,1209,1203533
86,27.4595,2747165,1204737,1209,1203533
86,27.6262,2747825,1204745,1217,1203536
87,27.4544,2746651,1204684,1195,1203494
87,27.4543,2746690,1204684,1195,1203494
87,27.4544,2746644,1204684,1195,1203494
88,27.4379,2744983,1204632,1181,1203456
88,27.4379,2744982,1204633,1183,1203455
88,27.4377,2745013,1204632,1182,1203455
89,27.5997,2746215,1205711,1174,1204545
89,27.444,2745605,1205700,1169,1204536
89,27.4441,2745662,1205701,1169,1204537
90,27.4395,2745122,1204534,1158,1203381
90,27.4395,2745070,1204534,1157,1203382
90,27.4393,2745309,1204534,1157,1203382
91,27.4344,2744636,1204480,1145,1203340
91,27.9496,2745764,1204494,1153,1203352
91,27.4345,2744592,1204480,1144,1203341
92,27.4186,2743056,1204432,1130,1203307
92,27.419,2743083,1204434,1135,1203304
92,27.4191,2743088,1204432,1132,1203305
93,27.4255,2743718,1205460,1122,1204343
93,27.4255,2743736,1205460,1121,1204344
93,27.4254,2743753,1205460,1120,1204345
94,27.4209,2743247,1204342,1108,1203239
94,27.4207,2743306,1204342,1108,1203239
94,27.4208,2743265,1204342,1109,1203238
95,27.4165,2742895,1204295,1099,1203201
95,27.4165,2742810,1204295,1098,1203202
95,27.9048,2743998,1204316,1108,1203219
96,27.5647,2741971,1204252,1093,1203167
96,27.402,2741404,1204252,1088,1203169
96,27.4017,2741354,1204252,1087,1203170
97,27.4079,2741944,1205235,1076,1204164
97,27.4078,2741971,1205235,1076,1204164
97,27.4078,2742076,1205235,1075,1204165
98,27.4038,2741501,1204169,1064,1203110
98,27.9891,2742241,1204182,1072,1203118
98,27.4039,2741634,1204169,1065,1203109
99,27.4001,2741193,1204128,1056,1203077
99,27.9333,2741760,1204140,1061,1203087
99,27.5388,2741809,1204139,1061,1203086
100,27.3859,2739772,1204084,1046,1203043
100,27.386,2739802,1204085,1046,1203044
100,27.3858,2739726,1204085,1046,1203044
