3,20.5102,2052963,266710,30,266685
3,20.5087,2051967,266710,31,266684
3,20.5082,2052135,266709,29,266685
4,20.8592,2087047,275046,30,275021
4,20.8592,2087091,275046,30,275021
4,20.8592,2087015,275046,31,275020
5,21.4546,2146669,280045,29,280021
5,21.4549,2146589,280045,31,280019
5,21.4548,2146639,280045,32,280018
6,21.8531,2186455,283384,34,283355
6,21.8529,2186441,283381,31,283355
6,21.8529,2186475,283381,31,283355
7,22.1365,2214859,285768,32,285741
7,22.3162,2215503,285771,36,285743
7,22.292,2215463,285774,38,285744
8,22.1957,2220678,287551,32,287524
8,22.1956,2220698,287550,32,287523
8,22.1957,2220684,287550,32,287523
9,22.3603,2237177,288938,32,288911
9,22.3601,2237123,288939,32,288912
9,22.3601,2237171,288938,32,288911
10,22.4918,2250259,290050,32,290023
10,22.4922,2250347,290051,33,290023
10,22.4918,2250375,290049,31,290023
11,22.5994,2261083,290958,33,290930
11,22.5992,2261088,290961,32,290934
11,22.5994,2261077,290959,32,290932
12,22.689,2269969,291715,32,291688
12,22.6889,2269984,291717,33,291689
12,23.2354,2270734,291726,39,291695
13,22.9134,2278134,292360,35,292333
13,22.9059,2278359,292372,44,292336
13,22.7649,2277656,292356,32,292329
14,22.83,2284163,292906,31,292880
14,22.83,2284213,292906,31,292880
14,22.8302,2284150,292907,33,292879
15,22.8861,2289774,293383,32,293356
15,22.8863,2289710,293383,30,293358
15,22.8868,2289797,293384,32,293357
16,22.618,2263089,293800,32,293773
16,22.6189,2263020,293802,34,293773
16,22.6179,2262946,293800,32,293773
17,22.6608,2267193,294167,31,294141
17,22.661,2267159,294167,31,294141
17,22.6611,2267177,294167,33,294139
18,22.699,2271033,294494,31,294468
18,22.6996,2271057,294495,33,294467
18,22.699,2271004,294494,31,294468
19,22.7333,2274365,294786,32,294759
19,22.7331,2274345,294786,31,294760
19,22.7332,2274440,294786,32,294759
20,22.7641,2277604,295050,33,295022
20,22.7639,2277484,295050,32,295023
20,22.7641,2277569,295051,31,295025
21,22.7919,2280273,295288,33,295260
21,22.7919,2280336,295287,31,295261
21,22.7919,2280390,295287,32,295260
22,22.9482,2283365,295509,36,295481
22,23.351,2283435,295515,36,295487
22,22.8171,2282857,295503,30,295478
23,22.9597,2285894,295716,41,295683
23,22.9701,2285867,295717,40,295685
23,22.84,2285126,295702,32,295675
24,22.8612,2287318,295887,33,295859
24,22.8613,2287279,295884,32,295857
24,22.8611,2287209,295883,32,295856
25,22.8807,2289192,296051,33,296023
25,22.8808,2289264,296049,31,296023
25,22.8807,2289207,296051,31,296025
26,22.8987,2291023,296202,32,296175
26,22.8987,2291247,296202,32,296175
26,23.2239,2291878,296218,42,296184
27,23.4037,2293930,296357,42,296326
27,22.9152,2292668,296346,32,296319
27,23.0688,2293263,296353,37,296324
28,23.095,2294717,296482,36,296454
28,22.9307,2294136,296477,31,296451
28,23.509,2294899,296487,38,296457
29,23.0678,2296194,296606,35,296579
29,22.945,2295614,296601,32,296574
29,22.9452,2295774,296603,33,296575
30,22.9584,2297005,296716,32,296689
30,22.9584,2296880,296716,31,296690
30,22.9585,2297001,296716,32,296689
31,22.9715,2298236,296825,33,296797
31,22.971,2298203,296825,34,296796
31,22.971,2298262,296824,31,296798
32,22.3376,2234824,296925,30,296900
32,22.3378,2234876,296927,34,296898
32,22.3378,2234903,296925,32,296898
33,22.3485,2235969,297018,32,296991
33,22.4994,2236674,297033,41,297000
33,22.8487,2237188,297033,42,297002
34,22.3584,2236941,297108,32,297081
34,22.3589,2237024,297110,32,297083
34,22.3586,2236988,297107,32,297080
35,22.3681,2237889,297192,31,297166
35,22.368,2237960,297193,33,297165
35,22.3683,2237951,297194,34,297165
36,22.3772,2238896,297271,31,297245
36,22.3771,2238820,297272,31,297246
36,22.3772,2238896,297271,31,297245
37,22.3858,2239671,297346,32,297319
37,22.3857,2239692,297346,31,297320
37,22.3892,2240040,297351,34,297322
38,22.3933,2240501,297416,30,297391
38,22.3941,2240588,297419,33,297391
38,22.3938,2240580,297417,31,297391
39,22.4013,2241230,297485,31,297459
39,22.4013,2241225,297486,32,297459
39,22.4014,2241281,297484,31,297458
40,22.4088,2242063,297549,31,297523
40,22.4091,2241955,297553,33,297525
40,22.4085,2242029,297550,32,297523
41,22.4156,2242816,297609,32,297582
41,22.4156,2242682,297609,30,297584
41,22.563,2243402,297623,42,297589
42,22.4223,2243369,297668,32,297641
42,22.4221,2243307,297669,31,297643
42,22.4221,2243296,297669,31,297643
43,22.4283,2243960,297725,31,297699
43,22.4283,2244013,297724,32,297697
43,22.4283,2243920,297724,32,297697
44,22.4345,2244563,297778,33,297750
44,22.4343,2244503,297777,32,297750
44,22.4345,2244567,297776,32,297749
45,22.4402,2245199,297826,32,297799
45,22.4404,2245175,297829,34,297800
45,22.4402,2245140,297827,31,297801
46,22.4456,2245645,297876,31,297850
46,22.4455,2245649,297876,31,297850
46,22.4457,2245758,297875,31,297849
47,22.4507,2246181,297922,31,297896
47,22.4509,2246269,297922,31,297896
47,22.974,2247337,297933,41,297903
48,22.4563,2246791,297967,32,297940
48,23.0007,2247880,297978,42,297947
48,24.0752,2247693,297978,39,297947
49,22.4606,2247235,298009,31,297983
49,22.4608,2247211,298009,32,297982
49,23.0195,2247932,298021,40,297989
50,22.4653,2247675,298051,32,298024
50,22.4652,2247606,298050,31,298024
50,22.6144,2248466,298065,41,298032
51,22.4698,2248078,298090,31,298064
51,24.1046,2249206,298101,39,298070
51,22.6449,2248796,298094,35,298067
52,23.8803,2249439,298136,39,298105
52,22.6163,2249063,298131,36,298103
52,22.474,2248538,298126,32,298099
53,22.4781,2248950,298164,33,298136
53,22.4783,2249028,298162,32,298135
53,22.4783,2249009,298162,31,298136
54,22.4822,2249389,298198,33,298170
54,22.4823,2249330,298197,31,298171
54,22.4822,2249436,298198,33,298170
55,22.4859,2249709,298232,33,298204
55,22.486,2249649,298231,31,298205
55,22.4859,2249775,298231,32,298204
56,22.4898,2250083,298264,33,298236
56,22.4896,2250043,298264,32,298237
56,22.6246,2251697,298271,36,298243
57,22.4941,2250551,298297,35,298267
57,22.4935,2250475,298296,33,298268
57,22.4931,2250368,298295,31,298269
58,22.4964,2250752,298325,31,298299
58,22.4966,2250810,298324,32,298297
58,22.4965,2250731,298326,32,298299
59,22.4998,2251034,298355,29,298331
59,22.5004,2251506,298356,32,298329
59,22.4998,2251456,298354,30,298329
60,22.5032,2251513,298383,31,298357
60,22.5034,2252145,298384,32,298357
60,22.5059,2252513,298383,32,298356
61,22.5062,2251766,298410,31,298384
61,22.5062,2251746,298410,32,298383
61,22.5062,2251769,298410,31,298384
62,22.5094,2252747,298436,32,298409
62,22.7766,2253670,298441,36,298413
62,22.5093,2252099,298437,31,298411
63,22.512,2252581,298462,31,298436
63,24.0904,2253156,298474,40,298443
63,22.512,2252538,298462,32,298435
64,21.8312,2184284,298486,31,298460
64,21.8312,2184283,298486,32,298459
64,21.8312,2184238,298486,31,298460
65,22.4331,2244382,301586,1570,300021
65,22.4333,2244507,301585,1569,300021
65,23.4942,2245065,301591,1575,300024
66,22.4419,2245339,301563,1546,300022
66,22.442,2245358,301561,1546,300020
66,22.4417,2245311,301562,1546,300021
67,22.4055,2241699,301538,1522,300021
67,22.4053,2241663,301540,1523,300022
67,22.4054,2241696,301539,1522,300022
68,22.4141,2242492,301518,1501,300022
68,22.4146,2242577,301519,1502,300022
68,22.4141,2242510,301517,1500,300022
69,22.4084,2241980,301497,1481,300021
69,22.4084,2242009,301495,1479,300021
69,22.4086,2241976,301497,1481,300021
70,22.3881,2239951,301475,1458,300022
70,22.388,2239907,301476,1460,300021
70,22.3886,2240046,301476,1459,300022
71,22.3967,2240931,301456,1439,300022
71,22.3967,2240813,301456,1440,300021
71,22.3969,2240996,301454,1439,300020
72,22.4053,2241623,301436,1418,300023
72,22.5554,2242178,301439,1422,300025
72,22.573,2242194,301438,1424,300022
73,22.3723,2238378,301415,1399,300021
73,22.3722,2238346,301415,1400,300020
73,26.101,2238402,301415,1399,300021
74,22.381,2239224,301398,1382,300021
74,22.3808,2239185,301398,1381,300022
74,22.8722,2240213,301402,1388,300025
75,24.0607,2239451,301384,1368,300024
75,22.376,2238762,301379,1364,300020
75,22.3759,2238713,301379,1364,300020
76,22.3577,2236885,301363,1345,300023
76,22.3575,2236864,301362,1345,300022
76,22.3577,2236977,301362,1349,300018
77,22.3658,2237656,301345,1329,300021
77,22.3663,2237835,301346,1329,300022
77,22.366,2237747,301345,1329,300021
78,22.3745,2238501,301330,1313,300022
78,22.3743,2238640,301330,1314,300021
78,22.3742,2238601,301328,1313,300020
79,22.4939,2236105,301317,1300,300025
79,22.3446,2235677,301315,1298,300022
79,22.344,2235485,301312,1296,300021
80,22.3523,2236351,301296,1279,300022
80,22.3526,2236429,301297,1280,300022
80,22.5333,2238336,301300,1285,300023
81,22.348,2235917,301282,1266,300021
81,22.3482,2235897,301280,1263,300022
81,22.3481,2235941,301281,1265,300021
82,22.3326,2234449,301270,1256,300019
82,22.3317,2234376,301266,1250,300021
82,22.3316,2234281,301266,1248,300023
83,23.139,2235897,301261,1243,300026
83,22.3398,2235049,301250,1234,300021
83,22.5026,2235648,301255,1239,300024
84,22.6506,2236438,301241,1224,300025
84,22.3476,2235862,301237,1221,300021
84,22.3477,2235866,301237,1220,300022
85,22.32,2233103,301223,1206,300022
85,22.3199,2233032,301223,1207,300021
85,22.32,2233090,301223,1207,300021
86,22.328,2233967,301209,1192,300022
86,22.328,2233930,301208,1193,300020
86,22.328,2233990,301208,1192,300021
87,22.3242,2233522,301195,1180,300020
87,23.9137,2234341,301200,1183,300025
87,22.3242,2233546,301199,1182,300022
88,22.3093,2232002,301183,1166,300022
88,22.3092,2232077,301184,1168,300021
88,22.3092,2232001,301183,1163,300025
89,22.317,2232803,301170,1153,300022
89,22.3171,2232803,301169,1154,300020
89,22.3169,2232885,301170,1154,300021
90,22.3248,2233588,301157,1142,300020
90,22.3246,2233615,301160,1143,300022
90,22.3247,2233745,301158,1142,300021
91,22.299,2231070,301145,1128,300022
91,22.2989,2230997,301145,1129,300021
91,22.4865,2231537,301149,1133,300024
92,23.4002,2232478,301137,1120,300025
92,22.435,2232286,301138,1120,300026
92,22.3068,2231789,301132,1116,300021
93,22.304,2231535,301122,1106,300021
93,22.3036,2231436,301123,1107,300021
93,22.3037,2231528,301122,1106,300021
94,22.2896,2230059,301110,1093,300022
94,22.8158,2231170,301114,1100,300025
94,22.2896,2230062,301111,1095,300021
95,22.2971,2230762,301100,1083,300022
95,22.5074,2231363,301103,1087,300024
95,22.2971,2230792,301099,1083,300021
96,22.3043,2231579,301088,1072,300021
96,22.3045,2231673,301088,1072,300021
96,22.3046,2231639,301087,1070,300022
97,22.281,2229298,301081,1061,300025
97,22.2805,2229195,301077,1060,300022
97,22.2806,2229150,301077,1060,300022
98,22.2883,2229929,301067,1052,300020
98,22.4104,2230529,301072,1055,300025
98,22.688,2230434,301072,1056,300024
99,22.2851,2229651,301054,1039,300020
99,23.799,2230496,301062,1045,300025
99,22.2853,2229674,301057,1041,300021
100,22.2724,2228338,301046,1030,300021
100,22.2722,2228318,301046,1029,300022
100,22.2722,2228358,301046,1029,300022
