3,28.0114,2803096,1266771,48,1266728
3,28.007,2801864,1266767,48,1266724
3,28.096,2802311,1266784,56,1266736
4,28.2582,2827446,1275113,53,1275065
4,28.2583,2827094,1275112,53,1275064
4,28.2579,2826973,1275113,51,1275067
5,28.4075,2842135,1280102,50,1280057
5,28.4076,2841916,1280102,51,1280056
5,28.4076,2841892,1280103,51,1280057
6,29.0341,2852647,1283469,59,1283418
6,28.5078,2851880,1283438,52,1283391
6,28.5076,2851884,1283438,51,1283392
7,28.5794,2859127,1285818,51,1285772
7,28.5794,2859084,1285818,52,1285771
7,28.5789,2859020,1285818,50,1285773
8,28.6325,2864364,1287604,51,1287558
8,28.6338,2864562,1287605,52,1287558
8,28.6328,2864405,1287605,51,1287559
9,28.6742,2868548,1288987,52,1288940
9,28.6745,2868570,1288992,51,1288946
9,28.6742,2868574,1288992,50,1288947
10,28.7078,2871891,1290105,52,1290058
10,28.7078,2871944,1290106,51,1290060
10,28.7076,2871933,1290099,51,1290053
11,28.8852,2875310,1291024,57,1290975
11,29.2733,2875292,1291038,56,1290990
11,28.7355,2874703,1291013,54,1290964
12,28.7576,2876905,1291771,51,1291725
12,28.7578,2876942,1291772,53,1291724
12,28.7573,2876878,1291769,50,1291724
13,28.7767,2878756,1292410,51,1292364
13,28.7768,2878843,1292411,51,1292365
13,30.7427,3006251,1292494,76,1292427
14,28.7932,2880530,1292960,50,1292915
14,28.7933,2880457,1292962,49,1292918
14,28.7935,2880474,1292962,51,1292916
15,28.8079,2882135,1293437,52,1293390
15,28.8074,2882107,1293437,51,1293391
15,28.8089,2882103,1293437,52,1293390
16,28.8204,2883178,1293855,52,1293808
16,28.82,2883141,1293853,50,1293808
16,28.8202,2883314,1293854,50,1293809
17,28.8313,2884250,1294221,52,1294174
17,28.8311,2884248,1294222,52,1294175
17,28.8314,2884500,1294221,51,1294175
18,28.8408,2885163,1294548,51,1294502
18,28.8409,2885269,1294548,51,1294502
18,28.9732,2885915,1294570,59,1294519
19,29.0156,2886764,1294870,57,1294821
19,28.8499,2886154,1294841,52,1294794
19,28.8493,2886085,1294839,49,1294795
20,28.8578,2886900,1295101,51,1295055
20,28.858,2886993,1295106,53,1295058
20,28.8573,2886838,1295103,49,1295059
21,30.3514,2888574,1295367,58,1295317
21,29.6982,2888481,1295375,58,1295325
21,28.8649,2887675,1295342,51,1295296
22,28.8713,2888284,1295559,52,1295512
22,28.8714,2888303,1295560,53,1295512
22,28.8712,2888187,1295559,48,1295516
23,28.8769,2888818,1295755,49,1295711
23,28.8772,2888830,1295755,50,1295710
23,28.8773,2888935,1295757,52,1295710
24,28.8827,2889443,1295938,50,1295893
24,30.3778,2890364,1295964,59,1295913
24,28.8826,2889571,1295936,50,1295891
25,28.8874,2890032,1296103,49,1296059
25,29.4054,2891110,1296130,62,1296079
25,29.0463,2890734,1296127,57,1296078
26,28.8924,2890444,1296258,52,1296211
26,28.893,2890513,1296257,53,1296209
26,28.8926,2890441,1296259,53,1296211
27,28.8967,2890756,1296400,52,1296353
27,28.8968,2890854,1296400,52,1296353
27,28.8968,2890800,1296400,52,1296353
28,29.0284,2891956,1296554,60,1296502
28,28.9006,2891207,1296527,52,1296480
28,28.9005,2891162,1296533,51,1296487
29,30.6176,2892590,1296671,60,1296619
29,28.9041,2891584,1296655,51,1296609
29,28.9042,2891595,1296654,50,1296609
30,29.0314,2892623,1296798,60,1296746
30,29.1942,2892502,1296782,55,1296735
30,30.6008,2892924,1296798,57,1296749
31,28.9109,2892219,1296878,51,1296832
31,28.911,2892238,1296879,53,1296831
31,30.4582,2893134,1296907,62,1296853
32,28.9139,2892529,1296978,51,1296932
32,28.9139,2892576,1296981,51,1296935
32,28.9142,2892685,1296981,53,1296933
33,28.9165,2892808,1297072,50,1297027
33,29.41,2894072,1297094,63,1297042
33,29.059,2893623,1297086,55,1297039
34,28.9192,2893023,1297157,48,1297114
34,28.9196,2893093,1297163,51,1297117
34,28.9196,2893122,1297163,51,1297117
35,28.9219,2893338,1297247,52,1297200
35,28.9221,2893345,1297246,52,1297199
35,28.9217,2893325,1297245,50,1297200
36,30.5326,2894606,1297350,61,1297297
36,29.0675,2894188,1297351,57,1297302
36,30.6642,2894519,1297371,61,1297318
37,28.9264,2893782,1297400,50,1297355
37,28.9268,2893876,1297401,52,1297354
37,28.9264,2893814,1297400,50,1297355
38,29.4359,2895171,1297500,62,1297449
38,28.9289,2894047,1297470,53,1297422
38,28.9289,2893994,1297473,51,1297427
39,28.931,2894233,1297539,52,1297492
39,29.4739,2895399,1297561,64,1297508
39,28.9308,2894201,1297540,52,1297493
40,28.9328,2894474,1297605,51,1297559
40,28.9325,2894346,1297603,50,1297558
40,29.0714,2895079,1297626,58,1297576
41,29.4305,2895776,1297685,62,1297634
41,28.9346,2894629,1297665,53,1297617
41,28.9343,2894587,1297662,50,1297617
42,28.9365,2894791,1297724,52,1297677
42,28.9362,2894731,1297724,51,1297678
42,28.9359,2894772,1297722,49,1297678
43,28.938,2894923,1297777,51,1297731
43,28.938,2894992,1297778,52,1297731
43,29.4294,2896105,1297809,63,1297757
44,29.2721,2895788,1297857,61,1297804
44,28.9398,2895212,1297832,51,1297786
44,28.9394,2895133,1297832,50,1297787
45,28.9408,2895249,1297881,51,1297835
45,28.9407,2895198,1297880,50,1297835
45,28.9408,2895251,1297880,51,1297834
46,28.9425,2895472,1297931,50,1297886
46,28.9425,2895456,1297931,51,1297885
46,28.942,2895351,1297929,48,1297886
47,28.944,2895544,1297977,53,1297929
47,28.9438,2895483,1297976,51,1297930
47,28.9437,2895460,1297976,50,1297931
48,29.0951,2896403,1298047,61,1297994
48,29.6626,2896466,1298048,60,1297996
48,28.9453,2895643,1298021,52,1297974
49,28.9464,2895801,1298063,51,1298017
49,28.9466,2895824,1298063,52,1298016
49,28.9464,2895752,1298066,51,1298020
50,30.4456,2896884,1298143,59,1298092
50,29.4804,2896670,1298131,60,1298079
50,28.9478,2895940,1298105,52,1298058
51,28.9486,2895976,1298143,52,1298096
51,29.0765,2896769,1298181,60,1298129
51,29.6656,2896895,1298164,58,1298114
52,28.9496,2896081,1298180,50,1298135
52,28.9499,2896121,1298179,50,1298134
52,28.95,2896074,1298182,52,1298135
53,28.9509,2896247,1298216,49,1298172
53,28.957,2897591,1298218,52,1298171
53,28.9512,2896240,1298217,52,1298170
54,29.1095,2897084,1298282,60,1298230
54,28.9519,2896311,1298251,49,1298207
54,29.0861,2897103,1298284,60,1298232
55,29.4733,2897675,1298311,62,1298260
55,28.9534,2896464,1298285,52,1298238
55,28.9527,2896432,1298284,49,1298240
56,28.9537,2896516,1298308,53,1298260
56,28.9543,2896535,1298313,53,1298265
56,28.9541,2896579,1298319,51,1298273
57,28.9548,2896668,1298348,50,1298303
57,29.105,2897343,1298367,57,1298318
57,29.5354,2897441,1298373,57,1298324
58,28.9565,2896839,1298375,54,1298326
58,28.9556,2896736,1298378,50,1298333
58,28.9558,2896839,1298379,51,1298333
59,28.957,2897164,1298407,49,1298363
59,28.957,2896798,1298409,51,1298363
59,28.9569,2896868,1298411,52,1298364
60,28.9574,2896885,1298436,50,1298391
60,29.1059,2897543,1298459,56,1298411
60,28.9577,2896934,1298438,51,1298392
61,28.9588,2897069,1298458,53,1298410
61,28.9586,2897056,1298464,51,1298418
61,28.9579,2896992,1298463,49,1298419
62,28.9589,2897133,1298490,50,1298445
62,28.9594,2897089,1298493,51,1298447
62,28.9602,2897106,1298492,50,1298447
63,28.9598,2897100,1298516,50,1298471
63,28.9603,2897194,1298516,52,1298469
63,28.9602,2897400,1298519,53,1298471
64,28.9609,2897233,1298542,52,1298495
64,28.9608,2897293,1298541,51,1298495
64,28.9608,2897292,1298542,53,1298494
65,31.0286,2959434,1304712,1592,1303128
65,29.7943,2959358,1304717,1591,1303134
65,30.1025,2959758,1304721,1593,1303139
66,29.5671,2957835,1306148,1562,1304591
66,29.7773,2962899,1306166,1569,1304605
66,30.1052,2958469,1306154,1568,1304594
67,29.5587,2957037,1304566,1541,1303030
67,29.5588,2957088,1304558,1540,1303023
67,29.5584,2956941,1304566,1539,1303032
68,29.5501,2956259,1305968,1516,1304457
68,29.5505,2956163,1305971,1518,1304458
68,29.5507,2956199,1305967,1520,1304452
69,29.5425,2955413,1304437,1496,1302946
69,29.5427,2955416,1304440,1496,1302949
69,29.5429,2955474,1304441,1500,1302946
70,29.535,2954619,1305803,1476,1304332
70,29.5349,2954665,1305801,1475,1304331
70,29.535,2954613,1305803,1477,1304331
71,29.5273,2953877,1304314,1456,1302863
71,29.5274,2953889,1304317,1455,1302867
71,29.5275,2953927,1304314,1457,1302862
72,29.5201,2953135,1305640,1435,1304210
72,29.5203,2953166,1305640,1437,1304208
72,29.5199,2953145,1305640,1435,1304210
73,29.5132,2952546,1304200,1417,1302788
73,29.5138,2952602,1304196,1418,1302783
73,29.5129,2952467,1304197,1416,1302786
74,29.5062,2951771,1305493,1400,1304098
74,29.5064,2951843,1305492,1399,1304098
74,29.5064,2951750,1305492,1399,1304098
75,29.4997,2951227,1304089,1381,1302713
75,29.4997,2951098,1304092,1381,1302716
75,29.4998,2951185,1304093,1381,1302717
76,29.4933,2950444,1305353,1363,1303995
76,30.013,2951633,1305364,1372,1304003
76,29.937,2979601,1305309,1371,1303946
77,29.6557,2950404,1304001,1350,1302659
77,29.4866,2949806,1303984,1345,1302644
77,29.487,2949880,1303988,1348,1302645
78,29.481,2949347,1305220,1331,1303894
78,29.4808,2949234,1305217,1329,1303893
78,29.9882,2949852,1305227,1336,1303899
79,30.0609,2949680,1303900,1322,1302589
79,31.0245,2949321,1303900,1317,1302591
79,29.4746,2948615,1303885,1312,1302578
80,29.4689,2948087,1305087,1297,1303795
80,29.9826,2949108,1305098,1305,1303804
80,29.6284,2948664,1305093,1303,1303798
81,29.6203,2948085,1303804,1287,1302525
81,29.4632,2947442,1303793,1284,1302514
81,29.4632,2947459,1303796,1284,1302517
82,29.4578,2947032,1304967,1268,1303704
82,29.4576,2946894,1304964,1267,1303702
82,29.4574,2947031,1304964,1267,1303702
83,29.4518,2946399,1303705,1251,1302459
83,29.4521,2946319,1303702,1253,1302454
83,29.4521,2946309,1303705,1252,1302458
84,29.4468,2945798,1304851,1237,1303619
84,29.4472,2945886,1304848,1238,1303615
84,29.4563,2946912,1304846,1239,1303612
85,29.4418,2945306,1303621,1224,1302402
85,29.4414,2945279,1303618,1223,1302400
85,29.4415,2945271,1303618,1222,1302401
86,29.4366,2944811,1304740,1212,1303533
86,29.4364,2944808,1304736,1209,1303532
86,29.4366,2944799,1304739,1210,1303534
87,29.4315,2944341,1303537,1196,1302346
87,29.5914,2944880,1303548,1202,1302354
87,29.9784,2945427,1303553,1205,1302359
88,29.5617,2944353,1304643,1187,1303464
88,31.2094,2944650,1304642,1188,1303462
88,29.4272,2943826,1304632,1186,1303451
89,29.4222,2943401,1303459,1172,1302292
89,29.5858,2944021,1303474,1179,1302303
89,29.5584,2943942,1303473,1178,1302303
90,29.5509,2943612,1304547,1163,1303392
90,29.4178,2942917,1304532,1160,1303377
90,29.4174,2943091,1304533,1160,1303378
91,29.4127,2942452,1303384,1146,1302243
91,29.4126,2942477,1303387,1145,1302247
91,29.5328,2943047,1303392,1151,1302249
92,29.5408,2942572,1304443,1138,1303313
92,29.4084,2942218,1304434,1138,1303301
92,29.4082,2942003,1304432,1132,1303305
93,29.4042,2941595,1303318,1121,1302202
93,29.4045,2941578,1303318,1124,1302199
93,29.5388,2942181,1303332,1127,1302213
94,29.9011,2942277,1304351,1119,1303243
94,29.3997,2941166,1304340,1111,1303234
94,29.3998,2941191,1304343,1109,1303239
95,30.9701,2941407,1303262,1106,1302164
95,29.9015,2941746,1303259,1107,1302163
95,29.396,2940764,1303249,1101,1302153
96,29.3917,2940363,1304252,1088,1303169
96,29.3918,2940316,1304249,1090,1303164
96,29.3923,2940332,1304250,1091,1303164
97,30.9229,2940633,1303184,1082,1302110
97,29.3875,2939948,1303183,1077,1302111
97,29.3874,2939869,1303180,1078,1302107
98,29.3839,2939556,1304168,1067,1303106
98,29.3841,2939582,1304168,1069,1303104
98,29.3838,2939575,1304172,1068,1303109
99,29.3805,2939199,1303123,1058,1302070
99,29.3802,2939249,1303121,1059,1302067
99,29.3801,2939197,1303120,1057,1302068
100,31.2271,2939755,1304099,1057,1303050
100,29.3761,2938745,1304087,1047,1303045
100,29.3763,2938848,1304084,1047,1303042
