3,20.5118,2053157,566728,37,566696
3,20.5103,2052195,566728,36,566697
3,20.5102,2052132,566728,36,566697
4,20.8612,2087347,575068,38,575035
4,20.8612,2087301,575067,38,575034
4,20.8611,2087470,575067,37,575035
5,21.4564,2146801,580062,35,580032
5,21.9996,2147567,580087,45,580051
5,22.9343,2147774,580097,44,580061
6,21.8547,2186830,583407,39,583373
6,21.8542,2186598,583403,38,583370
6,22.3913,2187360,583430,44,583394
7,22.1382,2215008,585783,37,585751
7,22.1384,2215044,585787,39,585753
7,22.3541,2215751,585817,46,585779
8,22.1972,2220889,587571,38,587538
8,22.1974,2220968,587571,38,587538
8,22.1972,2220854,587571,38,587538
9,22.3616,2237300,588962,38,588929
9,22.3617,2237570,588962,37,588930
9,22.3617,2237335,588963,39,588929
10,22.4932,2250526,590076,39,590042
10,22.4932,2250520,590077,39,590043
10,22.4932,2250709,590076,38,590043
11,22.6009,2261276,590985,37,590953
11,22.7494,2261947,590999,43,590964
11,22.6008,2261330,590985,37,590953
12,22.6903,2270214,591743,38,591710
12,22.8456,2271030,591786,49,591745
12,22.6903,2270194,591743,38,591710
13,22.7662,2277778,592383,38,592350
13,22.7663,2278097,592387,39,592353
13,22.7662,2277878,592383,36,592352
14,22.8313,2284257,592934,37,592902
14,22.8313,2284454,592934,38,592901
14,22.8314,2284328,592933,39,592899
15,22.8876,2289968,593412,38,593379
15,23.0055,2290767,593422,45,593385
15,23.0158,2290421,593420,41,593387
16,22.6195,2263128,593827,38,593794
16,22.7834,2263974,593864,49,593823
16,22.6192,2263448,593821,39,593787
17,22.6624,2267375,594195,37,594163
17,22.8316,2270722,594277,55,594230
17,39.6583,2267253,594186,35,594156
18,22.7006,2271203,594520,38,594487
18,22.7005,2271312,594520,37,594488
18,22.7005,2271272,594520,38,594487
19,22.7347,2274592,594813,38,594780
19,22.7347,2274734,594813,38,594780
19,22.7359,2274799,594817,41,594781
20,22.9172,2278352,595093,43,595058
20,22.7654,2277811,595077,37,595045
20,22.7655,2277787,595078,38,595045
21,22.7932,2280580,595315,38,595282
21,22.7932,2280604,595315,39,595281
21,22.7933,2280596,595314,37,595282
22,22.8186,2283040,595530,39,595496
22,22.9444,2283573,595546,41,595513
22,22.8185,2283032,595530,38,595497
23,22.8415,2285338,595728,38,595695
23,22.8417,2285337,595729,39,595695
23,22.8417,2285344,595728,38,595695
24,24.4008,2288432,595945,45,595908
24,23.0414,2288147,595927,42,595893
24,22.8627,2287468,595909,38,595876
25,22.8826,2289464,596081,39,596047
25,22.8822,2289490,596076,38,596043
25,22.8824,2289485,596076,38,596043
26,22.9,2291184,596231,37,596199
26,22.9,2291162,596231,37,596199
26,23.0525,2292079,596281,48,596241
27,23.0586,2293606,596418,45,596381
27,23.4246,2294119,596407,48,596370
27,22.9168,2292896,596372,38,596339
28,22.9323,2294516,596506,38,596473
28,22.9326,2294479,596509,38,596476
28,22.9323,2294413,596505,37,596473
29,22.9471,2295976,596633,38,596600
29,22.9466,2295822,596629,38,596596
29,22.9473,2295959,596629,40,596594
30,22.96,2297122,596742,38,596709
30,22.96,2297396,596742,37,596710
30,22.9616,2297403,596742,38,596709
31,22.9736,2298598,596852,39,596818
31,22.9721,2298436,596847,37,596815
31,22.9736,2298669,596851,37,596819
32,22.3393,2235081,596952,38,596919
32,22.3405,2235273,596952,39,596918
32,23.9614,2236245,596985,45,596948
33,22.3499,2236230,597045,37,597013
33,22.3499,2236220,597045,37,597013
33,22.4768,2236803,597059,42,597025
34,22.36,2237246,597136,37,597104
34,23.9868,2238203,597171,45,597134
34,22.3601,2237191,597135,38,597102
35,22.3696,2238218,597218,37,597186
35,22.4965,2238654,597229,42,597195
35,22.3696,2238108,597219,39,597185
36,22.9018,2240269,597335,48,597298
36,22.5419,2239807,597345,47,597306
36,22.3787,2239153,597299,37,597267
37,22.5146,2240788,597388,42,597354
37,22.3888,2240121,597374,37,597342
37,23.9486,2241009,597412,44,597376
38,22.3952,2240687,597444,38,597411
38,22.3952,2240723,597446,39,597412
38,22.5233,2241479,597490,47,597451
39,22.4028,2241439,597511,38,597478
39,23.2055,2242360,597542,45,597505
39,22.5585,2242024,597527,42,597493
40,22.4101,2242237,597577,37,597545
40,22.4102,2242317,597576,38,597543
40,22.4102,2242246,597576,36,597545
41,22.417,2242943,597636,38,597603
41,22.56,2243489,597646,43,597611
41,22.563,2243493,597648,43,597613
42,22.4236,2243553,597696,38,597663
42,22.5539,2244077,597710,41,597677
42,22.4236,2243524,597696,37,597664
43,22.4299,2244183,597750,39,597716
43,22.43,2244188,597750,38,597717
43,22.4299,2244216,597752,39,597718
44,22.4359,2244791,597804,37,597772
44,22.4376,2244875,597809,41,597773
44,23.9207,2245680,597840,47,597801
45,22.4415,2245399,597855,36,597824
45,22.4416,2245341,597855,38,597822
45,22.9825,2246529,597893,47,597857
46,22.8227,2246578,597918,43,597883
46,22.5956,2246466,597917,41,597884
46,22.4471,2245920,597903,37,597871
47,22.4523,2246379,597948,37,597916
47,22.4539,2246574,597948,38,597915
47,22.4524,2246481,597948,38,597915
48,22.4587,2247049,597995,38,597962
48,22.4573,2246900,597994,38,597961
48,23.0371,2248173,598037,50,597998
49,22.4638,2247560,598035,37,598003
49,22.4636,2247593,598035,38,598002
49,22.4622,2247404,598035,37,598003
50,22.4678,2247981,598076,36,598044
50,22.6134,2248742,598127,47,598088
50,22.4698,2248241,598077,37,598045
51,22.4713,2248334,598116,37,598084
51,23.961,2249325,598154,44,598118
51,22.4712,2248349,598116,37,598084
52,22.4754,2248794,598154,38,598121
52,22.4755,2248702,598154,38,598121
52,22.4756,2248748,598154,37,598122
53,22.4802,2249232,598194,39,598160
53,22.4798,2249173,598190,38,598157
53,22.4797,2249176,598191,39,598157
54,22.4836,2249536,598225,39,598191
54,22.4836,2249622,598224,37,598192
54,22.4836,2249489,598224,38,598191
55,22.4874,2249911,598257,37,598225
55,22.4874,2250002,598260,39,598226
55,22.4874,2250142,598257,38,598224
56,22.4912,2250270,598290,38,598257
56,23.9125,2251248,598327,44,598291
56,22.4912,2250330,598290,37,598258
57,22.4946,2250862,598321,38,598288
57,23.0419,2251834,598361,48,598324
57,22.4948,2250740,598321,37,598289
58,22.4982,2250976,598351,37,598319
58,22.498,2250936,598352,37,598320
58,22.4982,2251051,598352,38,598319
59,22.5019,2251352,598386,38,598353
59,22.5016,2251348,598382,37,598350
59,22.5015,2251334,598382,38,598349
60,22.5047,2251726,598410,38,598377
60,22.5046,2251592,598410,38,598377
60,23.8874,2252386,598444,45,598407
61,22.5087,2252018,598437,37,598405
61,22.5076,2251974,598437,37,598405
61,22.7837,2252627,598449,42,598415
62,22.5108,2252306,598464,36,598433
62,22.5104,2252219,598460,37,598428
62,22.5108,2252315,598464,37,598432
63,22.5136,2252523,598490,38,598457
63,22.5136,2252536,598490,38,598457
63,23.0258,2253696,598519,47,598483
64,21.8331,2184568,598520,40,598485
64,21.8327,2184541,598513,37,598481
64,21.8327,2184463,598513,37,598481
65,22.5421,2255384,610835,1574,609266
65,23.1011,2256658,610843,1582,609272
65,22.697,2255999,610845,1580,609273
66,22.5342,2254640,610673,1551,609127
66,22.6631,2255439,610687,1556,609139
66,22.5349,2254728,610674,1555,609124
67,22.5264,2253827,610517,1530,608992
67,22.5261,2253777,610512,1528,608989
67,22.5257,2253684,610508,1526,608987
68,22.6992,2253513,610373,1510,608871
68,23.318,2253493,610368,1510,608866
68,22.5184,2252996,610358,1506,608857
69,22.5111,2252284,610212,1486,608731
69,22.6582,2252870,610225,1489,608744
69,22.511,2252303,610213,1487,608731
70,22.5036,2251507,610065,1465,608605
70,22.5037,2251570,610066,1465,608606
70,22.503,2251479,610056,1462,608599
71,22.4966,2250845,609923,1444,608484
71,23.3859,2251744,609938,1449,608497
71,22.4967,2250813,609923,1444,608484
72,22.4901,2250096,609789,1426,608368
72,22.6802,2250690,609794,1429,608374
72,22.4896,2250162,609784,1425,608364
73,22.4832,2249571,609653,1405,608253
73,22.4831,2249484,609652,1406,608251
73,22.4836,2249544,609656,1407,608254
74,22.4768,2248862,609526,1387,608144
74,22.4778,2248963,609527,1388,608144
74,22.6489,2249504,609529,1393,608144
75,22.4704,2248168,609399,1369,608035
75,22.4719,2248425,609399,1370,608034
75,22.4704,2248262,609400,1371,608034
76,22.4656,2247709,609274,1352,607927
76,22.4643,2247723,609276,1352,607929
76,22.4642,2247674,609276,1352,607929
77,22.4581,2246947,609155,1335,607825
77,24.0652,2247727,609171,1340,607839
77,22.4586,2247062,609159,1336,607828
78,22.4542,2246630,609042,1318,607729
78,23.8936,2247163,609052,1322,607738
78,22.4528,2246509,609042,1319,607728
79,22.4466,2245839,608924,1301,607628
79,22.4467,2245908,608924,1301,607628
79,22.4467,2245860,608924,1302,607627
80,22.441,2245249,608812,1286,607531
80,22.441,2245235,608813,1286,607532
80,22.441,2245356,608812,1286,607531
81,22.4358,2244749,608707,1271,607441
81,23.9556,2245513,608722,1274,607456
81,22.4358,2244684,608707,1271,607441
82,22.4306,2244323,608602,1255,607352
82,22.4315,2244307,608602,1256,607351
82,22.4305,2244177,608602,1256,607351
83,22.4263,2243849,608497,1240,607262
83,22.4254,2243718,608497,1241,607261
83,23.9509,2244780,608507,1244,607271
84,22.5625,2243850,608407,1230,607185
84,22.4206,2243191,608398,1226,607177
84,23.95,2244167,608412,1231,607189
85,22.5636,2243282,608314,1217,607105
85,22.4154,2242731,608301,1212,607094
85,22.4156,2242795,608301,1213,607093
86,23.9168,2243216,608217,1202,607023
86,22.4106,2242278,608203,1198,607010
86,22.412,2242353,608203,1198,607010
87,22.406,2241742,608111,1185,606931
87,22.4059,2241762,608111,1184,606932
87,22.406,2241810,608111,1186,606930
88,22.4016,2241399,608019,1172,606852
88,22.4015,2241454,608019,1172,606852
88,22.4014,2241369,608019,1173,606851
89,22.3982,2240966,607929,1160,606774
89,22.397,2240978,607930,1159,606776
89,22.398,2240912,607929,1159,606775
90,22.3953,2240678,607845,1148,606702
90,22.3927,2240462,607846,1147,606704
90,22.3942,2240573,607846,1148,606703
91,22.3892,2240199,607755,1134,606626
91,23.801,2240731,607767,1140,606635
91,22.3882,2240036,607755,1134,606626
92,22.5331,2240092,607681,1128,606561
92,22.903,2240621,607681,1129,606563
92,22.3855,2239745,607672,1123,606554
93,22.3802,2239238,607593,1112,606486
93,22.3801,2239151,607593,1112,606486
93,22.3801,2239178,607593,1111,606487
94,22.3759,2238823,607510,1099,606416
94,22.3758,2238737,607510,1099,606416
94,22.376,2238849,607510,1099,606416
95,22.5685,2238958,607447,1093,606362
95,24.1079,2239243,607452,1094,606367
95,22.3721,2238379,607433,1088,606350
96,22.3683,2238069,607355,1077,606283
96,22.5074,2238517,607369,1082,606295
96,22.5031,2238510,607372,1082,606298
97,22.3664,2237908,607283,1067,606221
97,22.3659,2237786,607279,1066,606218
97,22.3643,2237590,607279,1066,606218
98,22.3625,2237509,607209,1056,606158
98,22.3628,2237435,607213,1058,606160
98,22.3608,2237338,607209,1057,606157
99,22.3588,2237092,607139,1047,606097
99,22.3575,2237133,607139,1047,606096
99,22.3574,2237128,607140,1047,606098
100,22.3536,2236809,607062,1036,606031
100,22.3536,2236515,607062,1036,606031
100,22.3536,2236639,607062,1035,606032
