3,20.512,2053141,666719,33,666691
3,20.5098,2052197,666728,40,666693
3,20.6835,2052745,666737,42,666703
4,20.8618,2087393,675074,39,675040
4,20.8618,2087325,675074,39,675040
4,20.8615,2087237,675075,41,675039
5,21.4578,2146883,680071,41,680035
5,22.0146,2147535,680105,45,680068
5,21.4573,2147134,680073,38,680040
6,21.8545,2186584,683407,40,683372
6,21.8545,2186615,683406,38,683373
6,21.856,2186692,683431,44,683392
7,22.1382,2214898,685788,39,685754
7,22.1382,2214929,685788,40,685753
7,22.1383,2214913,685788,39,685754
8,22.1975,2220861,687572,39,687538
8,22.1973,2220907,687572,39,687538
8,22.1974,2220752,687572,36,687541
9,22.3619,2237469,688966,40,688931
9,22.3618,2237296,688964,39,688930
9,22.8781,2238621,689018,53,688976
10,22.4934,2250518,690081,42,690044
10,23.0695,2251346,690130,50,690088
10,22.6143,2251365,690131,48,690091
11,22.601,2261248,690989,39,690955
11,23.1469,2262421,691025,49,690987
11,22.6006,2261349,690989,39,690955
12,22.6906,2270417,691749,39,691715
12,22.6906,2270161,691749,39,691715
12,22.6906,2270216,691750,40,691715
13,22.7666,2277767,692391,38,692358
13,22.7666,2277759,692391,38,692358
13,22.7666,2277678,692392,40,692357
14,22.8315,2284727,692941,38,692908
14,22.8314,2284320,692942,39,692908
14,22.8312,2284191,692941,38,692908
15,22.8877,2289823,693416,40,693381
15,22.8878,2289879,693415,38,693382
15,22.8878,2289904,693415,37,693383
16,22.6198,2263151,693833,39,693799
16,22.7599,2263734,693849,44,693813
16,22.7727,2263706,693850,44,693814
17,22.6626,2267451,694200,39,694166
17,22.6626,2267406,694201,39,694167
17,22.6626,2267665,694200,38,694167
18,22.7008,2271221,694529,39,694495
18,22.7022,2271407,694527,39,694493
18,22.7008,2271236,694528,39,694494
19,23.2669,2275871,694865,49,694827
19,24.3385,2275546,694863,46,694825
19,22.735,2274684,694820,38,694787
20,22.7657,2277642,695083,39,695049
20,23.2982,2278858,695128,49,695090
20,22.7656,2277711,695084,39,695050
21,22.7936,2280452,695321,38,695288
21,22.7936,2280484,695321,38,695288
21,22.7936,2280426,695322,40,695287
22,22.8188,2282991,695537,38,695504
22,22.8186,2282960,695537,37,695505
22,22.8186,2282921,695538,39,695504
23,22.8417,2285330,695735,38,695702
23,22.8418,2285227,695735,38,695702
23,22.8419,2285277,695736,39,695702
24,22.863,2287403,695916,39,695882
24,22.8628,2287398,695918,40,695883
24,22.863,2287407,695917,39,695883
25,22.8824,2289377,696083,38,696050
25,22.8825,2289371,696083,38,696050
25,22.8825,2289364,696084,40,696049
26,22.9003,2291139,696237,39,696203
26,22.9004,2291291,696238,41,696202
26,22.9002,2291079,696237,39,696203
27,24.5964,2293786,696426,47,696387
27,23.0591,2293542,696431,49,696390
27,23.0787,2293587,696430,49,696389
28,22.9323,2294313,696511,38,696478
28,24.4081,2295226,696556,49,696515
28,22.9322,2294522,696512,40,696477
29,22.9467,2295736,696633,39,696599
29,22.9467,2295789,696634,38,696601
29,22.9467,2295802,696634,38,696600
30,22.96,2297078,696749,35,696719
30,22.96,2297082,696748,39,696714
30,22.9604,2297180,696751,39,696717
31,22.9727,2298405,696855,38,696822
31,22.9728,2298396,696857,38,696824
31,22.9727,2298369,696857,39,696823
32,22.3394,2235039,696957,39,696923
32,22.3393,2235028,696957,38,696924
32,22.3395,2235054,696957,39,696923
33,22.3501,2236142,697052,38,697019
33,22.3511,2236218,697050,37,697018
33,22.3501,2236153,697053,39,697019
34,22.3603,2237117,697143,39,697109
34,22.3602,2237115,697142,38,697109
34,22.3602,2237204,697142,38,697109
35,22.3697,2238107,697225,39,697191
35,22.3698,2238129,697225,39,697191
35,23.9119,2239197,697269,47,697230
36,22.5388,2239710,697362,48,697322
36,22.3786,2239039,697306,39,697272
36,22.3787,2239095,697305,39,697271
37,22.3873,2239834,697380,39,697346
37,22.3872,2239936,697381,41,697345
37,22.3873,2239849,697380,39,697346
38,23.8989,2241525,697493,46,697455
38,22.9554,2241432,697495,47,697456
38,22.3952,2240652,697451,38,697418
39,22.552,2242234,697569,48,697529
39,24.0138,2242244,697568,48,697528
39,22.4029,2241370,697520,39,697486
40,22.4103,2242112,697583,38,697550
40,22.4103,2242178,697583,39,697549
40,22.4102,2242139,697583,40,697548
41,22.4172,2242838,697643,39,697609
41,22.4172,2242817,697644,39,697610
41,24.0391,2243904,697699,51,697656
42,22.5645,2244113,697714,44,697678
42,22.4236,2243520,697702,39,697668
42,22.4239,2243589,697702,40,697667
43,22.4323,2245057,697756,40,697721
43,22.4301,2244180,697757,38,697724
43,22.4299,2244132,697757,38,697724
44,22.436,2244727,697809,38,697776
44,22.436,2244691,697809,38,697776
44,22.5904,2245537,697867,47,697828
45,22.4418,2245298,697860,39,697826
45,22.561,2245996,697916,48,697876
45,22.4417,2245264,697860,39,697826
46,22.4474,2245749,697909,36,697878
46,22.4474,2245895,697909,39,697875
46,22.4474,2245845,697909,39,697875
47,22.4524,2246378,697955,39,697921
47,22.4526,2246336,697955,39,697921
47,22.9684,2247534,697992,49,697954
48,22.6214,2247621,698056,48,698016
48,22.599,2247754,698049,48,698009
48,22.5806,2247417,698011,45,697974
49,22.4624,2247338,698042,39,698008
49,22.4624,2247331,698042,39,698008
49,22.4624,2247360,698042,39,698008
50,22.4672,2247798,698083,39,698049
50,22.4671,2247818,698084,39,698050
50,22.4672,2247770,698083,38,698050
51,22.4715,2248265,698122,39,698088
51,22.4715,2248248,698123,39,698089
51,22.6225,2249013,698174,48,698134
52,22.4757,2248703,698159,39,698125
52,22.557,2249456,698214,47,698175
52,22.5618,2249166,698176,43,698141
53,22.4799,2249180,698195,39,698161
53,22.4798,2249114,698195,39,698161
53,22.4799,2249099,698195,38,698162
54,22.4838,2249658,698231,40,698196
54,22.4839,2249603,698231,38,698198
54,22.4839,2249492,698231,38,698198
55,22.4876,2249885,698264,38,698231
55,22.4874,2249851,698265,38,698232
55,22.4876,2249913,698265,39,698231
56,22.4912,2250251,698296,39,698262
56,22.4912,2250205,698296,39,698262
56,22.4912,2250192,698296,39,698262
57,22.4948,2250725,698328,39,698294
57,24.1516,2251719,698377,49,698336
57,22.4949,2250555,698328,39,698294
58,22.665,2251661,698414,49,698373
58,22.9953,2252075,698404,49,698366
58,22.6462,2251702,698406,49,698365
59,23.2053,2252026,698435,47,698396
59,22.5015,2251295,698387,38,698354
59,22.6688,2252126,698440,48,698400
60,23.009,2252704,698459,49,698421
60,22.664,2252394,698473,49,698432
60,22.5048,2251553,698415,38,698382
61,22.508,2251908,698443,38,698410
61,22.508,2252060,698443,39,698409
61,22.5078,2251839,698443,40,698408
62,22.5111,2252331,698470,38,698437
62,22.5109,2252184,698470,39,698436
62,22.5109,2252109,698470,38,698437
63,22.5145,2252641,698495,40,698460
63,22.5138,2252567,698496,40,698461
63,22.5139,2252507,698495,38,698462
64,21.8327,2184467,698520,38,698487
64,21.8325,2184411,698520,38,698487
64,21.8329,2184339,698520,39,698486
65,22.5424,2255359,713912,1576,712341
65,22.5422,2255348,713912,1574,712343
65,22.5422,2255305,713913,1576,712342
66,22.5345,2254535,713705,1552,712158
66,22.5345,2254602,713705,1553,712157
66,22.6908,2255138,713722,1558,712172
67,22.5262,2253699,713498,1528,711975
67,22.6606,2254354,713514,1536,711986
67,23.1061,2254389,713515,1534,711989
68,22.5187,2252988,713300,1508,711797
68,22.5186,2252985,713301,1508,711798
68,22.5187,2252990,713301,1510,711796
69,22.5113,2252290,713110,1486,711629
69,22.5117,2252223,713108,1489,711624
69,22.5112,2252204,713110,1487,711628
70,22.504,2251590,712923,1467,711461
70,22.5039,2251470,712922,1466,711461
70,22.504,2251499,712922,1466,711461
71,22.4968,2250782,712742,1446,711301
71,22.4968,2250795,712742,1446,711301
71,22.4969,2250803,712742,1446,711301
72,22.4899,2250123,712562,1425,711142
72,22.4898,2250167,712562,1425,711142
72,22.4898,2250066,712562,1426,711141
73,22.4834,2249466,712390,1406,710989
73,22.4834,2249439,712390,1406,710989
73,22.4832,2249406,712390,1404,710991
74,22.477,2248914,712229,1388,710846
74,22.477,2248801,712230,1391,710844
74,22.477,2248793,712230,1389,710846
75,24.0388,2249156,712083,1376,710715
75,22.4706,2248106,712066,1371,710700
75,22.4706,2248158,712066,1370,710701
76,22.4643,2247610,711906,1353,710558
76,22.4642,2247465,711905,1350,710560
76,22.4644,2247649,711905,1353,710557
77,22.4584,2246995,711752,1335,710422
77,22.4584,2246937,711753,1337,710421
77,22.4584,2247046,711752,1336,710421
78,22.453,2246505,711609,1320,710294
78,22.453,2246362,711610,1321,710294
78,22.4531,2246355,711609,1320,710294
79,22.4469,2245835,711455,1303,710157
79,22.4469,2245828,711454,1303,710156
79,22.5529,2246522,711476,1308,710176
80,24.0871,2246173,711330,1294,710044
80,22.4413,2245287,711311,1286,710030
80,22.4413,2245532,711311,1286,710030
81,22.436,2244822,711176,1271,709910
81,22.4359,2244695,711176,1272,709909
81,22.4358,2244690,711176,1271,709910
82,22.4306,2244248,711041,1256,709790
82,22.4307,2244183,711040,1256,709789
82,22.4307,2244232,711041,1256,709790
83,22.4253,2243756,710907,1243,709669
83,22.4254,2243741,710906,1242,709669
83,22.4256,2243622,710905,1243,709667
84,22.4207,2243149,710780,1227,709558
84,22.4207,2243128,710780,1228,709557
84,22.4206,2243205,710781,1228,709558
85,22.4158,2242660,710654,1213,709446
85,22.9202,2243205,710670,1218,709460
85,22.4154,2242670,710654,1214,709445
86,22.4109,2242232,710529,1201,709333
86,22.4108,2242175,710528,1199,709334
86,22.4108,2242160,710528,1199,709334
87,22.4063,2241782,710410,1187,709228
87,22.5262,2242288,710427,1192,709243
87,22.6687,2242358,710427,1191,709244
88,22.4018,2241268,710294,1174,709125
88,22.4016,2241283,710294,1173,709126
88,22.4016,2241288,710294,1174,709125
89,22.3971,2240782,710177,1162,709020
89,22.3972,2240825,710176,1162,709019
89,22.3972,2240886,710176,1160,709021
90,22.393,2240334,710068,1149,708924
90,22.393,2240549,710069,1148,708926
90,22.393,2240430,710069,1148,708926
91,22.3884,2239944,709952,1135,708822
91,22.3884,2239878,709953,1136,708822
91,22.3885,2240001,709952,1135,708822
92,22.3842,2239533,709844,1123,708726
92,22.3849,2239581,709855,1127,708733
92,22.3842,2239570,709844,1123,708726
93,22.3804,2239119,709745,1114,708636
93,22.3803,2239133,709744,1113,708636
93,22.3804,2239166,709744,1113,708636
94,22.3762,2238747,709637,1100,708542
94,22.8829,2239798,709654,1108,708557
94,22.4963,2239451,709649,1105,708552
95,22.4969,2238879,709551,1097,708462
95,22.3722,2238348,709539,1090,708454
95,22.3724,2238375,709538,1090,708453
96,22.5328,2238522,709456,1083,708381
96,22.6478,2238510,709451,1083,708376
96,22.3685,2238075,709439,1078,708366
97,22.3646,2237680,709340,1066,708279
97,23.8724,2238298,709357,1073,708292
97,22.3646,2237602,709340,1067,708278
98,22.3612,2237223,709250,1057,708198
98,22.3616,2237274,709255,1058,708202
98,22.3612,2237191,709250,1057,708198
99,22.9393,2237976,709170,1057,708124
99,22.4763,2237438,709174,1053,708129
99,22.3576,2236865,709160,1047,708118
100,22.3537,2236411,709061,1037,708029
100,22.3538,2236518,709061,1036,708030
100,22.3537,2236502,709061,1037,708029
