3,20.5085,2052821,366715,32,366688
3,20.5084,2051979,366714,31,366688
3,21.1393,2060184,366780,52,366736
4,22.4742,2088490,375069,40,375037
4,20.8606,2087318,375055,35,375025
4,20.8606,2087190,375056,35,375026
5,21.456,2146877,380055,35,380025
5,21.4561,2146792,380054,33,380026
5,21.4559,2146653,380054,33,380026
6,21.8533,2186452,383391,34,383362
6,21.8531,2186447,383391,33,383363
6,21.8532,2186493,383391,33,383363
7,22.137,2214906,385770,34,385741
7,22.137,2214802,385771,34,385742
7,22.137,2214869,385770,33,385742
8,22.1963,2220820,387557,33,387529
8,22.1962,2220870,387559,35,387529
8,22.1963,2220789,387558,36,387527
9,22.3606,2237195,388947,34,388918
9,22.5305,2239818,388995,51,388952
9,22.3606,2237182,388946,34,388917
10,22.4923,2250423,390060,33,390032
10,23.957,2251499,390079,41,390046
10,22.6234,2250834,390067,38,390037
11,22.5996,2261092,390968,35,390938
11,23.1635,2261875,390988,40,390956
11,22.5998,2261148,390967,34,390938
12,22.6893,2270226,391724,33,391696
12,22.6893,2270008,391724,33,391696
12,22.6893,2270086,391724,34,391695
13,22.7652,2277667,392366,36,392335
13,22.7653,2277721,392366,33,392338
13,22.8946,2278209,392376,38,392346
14,22.8303,2284183,392916,34,392887
14,22.8304,2284336,392916,34,392887
14,22.8309,2284222,392917,37,392885
15,22.8865,2289892,393391,33,393363
15,22.8866,2289818,393391,34,393362
15,22.8867,2289953,393391,33,393363
16,22.6186,2263110,393810,34,393781
16,22.6185,2262963,393811,34,393782
16,22.6187,2263020,393810,34,393781
17,22.6614,2267577,394178,35,394148
17,22.6614,2267243,394175,33,394147
17,22.6615,2267277,394175,34,394146
18,22.7002,2271377,394503,37,394471
18,22.6996,2271137,394502,34,394473
18,22.6996,2271123,394502,34,394473
19,22.7337,2274500,394795,33,394767
19,22.866,2275321,394821,41,394788
19,22.7337,2274506,394795,34,394766
20,22.7646,2277610,395058,33,395030
20,22.7669,2278592,395058,34,395029
20,22.7653,2277793,395059,34,395030
21,22.9375,2280868,395304,38,395274
21,23.3481,2281536,395320,45,395286
21,22.7922,2280442,395296,34,395267
22,22.8176,2282939,395514,34,395485
22,22.8176,2282892,395514,35,395484
22,22.8175,2282983,395513,33,395485
23,22.8406,2285276,395711,33,395683
23,22.8406,2285181,395711,34,395682
23,22.8407,2285227,395711,33,395683
24,22.8616,2287338,395891,34,395862
24,22.8616,2287318,395891,33,395863
24,22.8618,2287262,395892,35,395862
25,22.8813,2289249,396059,34,396030
25,22.8812,2289255,396059,34,396030
25,24.4539,2290241,396083,41,396050
26,22.899,2291067,396212,34,396183
26,22.899,2290979,396212,34,396183
26,22.8995,2291108,396214,35,396184
27,22.9158,2292699,396354,33,396326
27,22.9157,2292676,396354,33,396326
27,22.9158,2292700,396354,33,396326
28,22.9312,2294287,396487,33,396459
28,22.9313,2294262,396488,34,396459
28,22.9312,2294267,396488,34,396459
29,23.715,2296373,396628,41,396595
29,23.1028,2296409,396634,42,396600
29,22.9455,2295637,396609,34,396580
30,23.4865,2298194,396746,44,396713
30,22.9589,2296987,396725,35,396695
30,22.9593,2297068,396725,34,396696
31,22.9717,2298346,396834,33,396806
31,22.9717,2298347,396834,34,396805
31,22.9717,2298340,396835,34,396806
32,22.3383,2234909,396934,35,396904
32,22.3383,2234972,396934,34,396905
32,22.3386,2235067,396937,35,396907
33,22.349,2236038,397027,34,396998
33,22.3488,2236023,397027,33,396999
33,22.5003,2236746,397051,42,397017
34,22.359,2237104,397117,33,397089
34,22.9029,2237834,397137,41,397104
34,22.643,2237578,397128,38,397098
35,22.3686,2238060,397200,33,397172
35,22.3685,2237976,397202,37,397170
35,22.9208,2239148,397219,43,397187
36,22.3776,2238870,397282,34,397253
36,23.9336,2239906,397304,40,397272
36,22.9088,2240038,397299,45,397265
37,22.5929,2240660,397379,42,397345
37,22.3862,2239770,397357,34,397328
37,22.5231,2240460,397381,38,397351
38,22.9576,2241269,397446,40,397414
38,22.3942,2240588,397427,34,397398
38,22.3941,2240516,397426,33,397398
39,22.4018,2241359,397494,33,397466
39,22.4018,2241313,397496,36,397465
39,22.4018,2241282,397494,33,397466
40,22.4093,2242056,397560,32,397533
40,22.4092,2242103,397560,33,397532
40,22.4092,2242045,397560,33,397532
41,22.416,2242700,397619,35,397589
41,22.4161,2242787,397618,34,397589
41,22.4161,2242950,397619,34,397590
42,22.4226,2243356,397678,33,397650
42,22.4227,2243348,397679,35,397649
42,22.594,2244022,397701,42,397667
43,22.4289,2244001,397733,33,397705
43,23.912,2244793,397756,41,397723
43,22.429,2244060,397733,33,397705
44,22.4348,2244628,397785,33,397757
44,22.4349,2244521,397785,34,397756
44,22.435,2244646,397785,33,397757
45,22.4405,2245130,397835,34,397806
45,22.5742,2245924,397861,44,397825
45,22.9578,2245829,397854,40,397822
46,22.4461,2245670,397885,33,397857
46,22.4462,2245801,397885,33,397857
46,22.4462,2245756,397885,34,397856
47,22.4513,2246237,397931,33,397903
47,22.4513,2246369,397931,33,397903
47,22.4513,2246226,397932,34,397903
48,22.4564,2246734,397974,33,397946
48,22.4564,2246745,397974,33,397946
48,22.4564,2246679,397974,34,397945
49,22.4612,2247275,398021,34,397992
49,23.9828,2248333,398037,41,398004
49,22.4612,2247256,398018,33,397990
50,22.4658,2247723,398058,33,398030
50,22.4659,2247789,398058,33,398030
50,22.4659,2247726,398058,34,398029
51,22.4703,2248181,398097,34,398068
51,22.4702,2248168,398097,33,398069
51,22.4703,2248169,398097,33,398069
52,22.4746,2248544,398136,33,398108
52,22.4745,2248553,398136,34,398107
52,22.4745,2248565,398136,34,398107
53,22.4788,2248962,398171,33,398143
53,22.4786,2248973,398171,33,398143
53,22.4787,2249010,398171,34,398142
54,22.4827,2249521,398207,34,398178
54,22.4828,2249471,398207,34,398178
54,22.4826,2249488,398208,36,398177
55,22.4864,2249798,398241,35,398211
55,22.4865,2249756,398240,34,398211
55,22.4864,2249753,398241,34,398212
56,22.4902,2250144,398272,33,398244
56,22.4902,2250096,398272,34,398243
56,23.013,2251353,398298,45,398264
57,22.6546,2251196,398326,42,398292
57,23.0423,2251708,398323,43,398291
57,22.6162,2251159,398327,41,398294
58,22.4971,2250824,398336,35,398306
58,22.4971,2250871,398335,33,398307
58,22.4972,2250820,398335,33,398307
59,22.5005,2251229,398363,34,398334
59,22.5004,2251228,398363,33,398335
59,22.5005,2251107,398364,35,398334
60,22.5036,2251519,398391,34,398362
60,22.5037,2251624,398391,34,398362
60,23.9841,2252652,398410,41,398377
61,22.6366,2252324,398427,38,398397
61,22.5066,2251841,398419,33,398391
61,22.5067,2251948,398419,33,398391
62,22.5097,2252050,398445,33,398417
62,22.5097,2252132,398445,34,398416
62,22.5098,2252096,398446,34,398417
63,22.5126,2252279,398471,35,398441
63,22.5124,2252376,398470,33,398442
63,22.5126,2252348,398471,32,398444
64,21.8317,2184259,398497,35,398467
64,21.8317,2184316,398496,33,398468
64,21.96,2184956,398521,41,398488
65,22.4644,2247527,404668,1570,403103
65,22.4647,2247629,404671,1572,403104
65,22.4645,2247528,404668,1570,403103
66,22.4877,2249862,404599,1548,403056
66,22.4873,2249841,404598,1547,403056
66,22.4881,2250010,404604,1549,403060
67,22.4804,2249103,404532,1525,403012
67,22.9984,2250303,404537,1530,403018
67,22.6384,2249758,404537,1528,403017
68,22.4441,2245497,404464,1502,402967
68,22.444,2245479,404467,1505,402967
68,22.444,2245593,404464,1503,402966
69,22.4666,2247832,404401,1482,402924
69,22.4666,2247768,404401,1481,402925
69,22.4667,2247794,404401,1482,402924
70,22.4598,2247058,404339,1459,402885
70,22.46,2247141,404339,1460,402884
70,22.6037,2247634,404347,1465,402890
71,22.4257,2243763,404280,1441,402844
71,23.9821,2244458,404286,1445,402849
71,22.564,2244379,404286,1444,402850
72,22.4475,2245946,404220,1421,402804
72,22.4472,2245853,404218,1420,402803
72,22.447,2245822,404218,1420,402803
73,22.4407,2245189,404163,1402,402766
73,22.4414,2245281,404163,1402,402766
73,22.441,2245204,404162,1402,402765
74,22.4084,2241954,404107,1381,402731
74,22.4084,2241988,404108,1383,402730
74,22.4084,2241947,404106,1384,402727
75,22.4294,2244027,404053,1366,402692
75,22.4296,2244145,404053,1365,402693
75,22.4296,2244076,404053,1366,402692
76,22.4238,2243515,404000,1348,402657
76,22.4238,2243595,404000,1347,402658
76,22.919,2244587,404007,1355,402663
77,22.3923,2240333,403948,1330,402623
77,22.909,2241452,403955,1339,402627
77,22.553,2240940,403956,1335,402629
78,22.4134,2242490,403899,1314,402590
78,22.4133,2242419,403900,1315,402590
78,22.4134,2242492,403900,1315,402590
79,22.4077,2241885,403850,1298,402557
79,23.9572,2242605,403855,1301,402562
79,22.9236,2242519,403856,1302,402562
80,22.3777,2239092,403802,1284,402523
80,22.3778,2238884,403801,1282,402524
80,22.3778,2238950,403801,1282,402524
81,22.3978,2240927,403756,1267,402494
81,22.3979,2240893,403757,1267,402495
81,23.8429,2241668,403764,1271,402501
82,22.393,2240422,403713,1251,402467
82,22.3931,2240385,403713,1250,402468
82,22.3931,2240487,403713,1253,402465
83,22.3643,2237533,403669,1238,402436
83,22.3642,2237516,403666,1236,402435
83,22.3642,2237581,403667,1238,402434
84,22.3838,2239513,403626,1224,402407
84,22.3838,2239533,403625,1224,402406
84,22.3838,2239536,403625,1223,402407
85,22.3792,2239061,403584,1210,402379
85,22.3801,2239184,403588,1211,402382
85,22.3794,2239043,403584,1210,402379
86,22.3516,2236367,403542,1196,402351
86,22.3522,2236377,403543,1195,402353
86,22.3516,2236309,403540,1192,402353
87,22.3706,2238177,403501,1182,402324
87,22.371,2238204,403503,1182,402326
87,22.3706,2238571,403501,1181,402325
88,22.3665,2237765,403463,1169,402299
88,22.3664,2237799,403463,1168,402300
88,22.3665,2237964,403463,1169,402299
89,22.3399,2235243,403423,1155,402273
89,22.3399,2235297,403423,1155,402273
89,22.3398,2235059,403423,1156,402272
90,22.3584,2236954,403388,1144,402249
90,22.3582,2236933,403384,1143,402246
90,22.3584,2236970,403387,1143,402249
91,22.3544,2236519,403350,1131,402224
91,22.3542,2236482,403349,1131,402223
91,22.3543,2236539,403349,1131,402223
92,22.3289,2233972,403312,1118,402199
92,22.3289,2233988,403313,1120,402198
92,22.3289,2234102,403312,1119,402198
93,22.347,2235949,403279,1108,402176
93,22.3469,2235797,403279,1108,402176
93,22.3469,2235821,403280,1107,402178
94,22.3431,2235388,403244,1095,402154
94,22.8404,2236416,403251,1102,402160
94,22.4789,2235940,403250,1100,402158
95,22.3186,2233160,403210,1085,402130
95,22.3187,2233061,403211,1086,402130
95,22.3182,2232922,403207,1084,402128
96,22.3362,2234708,403177,1074,402108
96,22.336,2234797,403177,1073,402109
96,22.336,2234932,403178,1074,402109
97,22.3325,2234344,403146,1064,402087
97,22.3329,2234418,403147,1064,402088
97,22.8395,2235444,403151,1069,402093
98,22.3089,2231997,403114,1053,402066
98,22.3089,2232039,403114,1052,402067
98,22.309,2231980,403114,1053,402066
99,22.3262,2233915,403083,1043,402045
99,24.0408,2234594,403091,1047,402052
99,22.3262,2233728,403084,1043,402046
100,22.3227,2233425,403052,1031,402026
100,22.3225,2233383,403053,1031,402027
100,22.8304,2234427,403061,1042,402030
