3,20.5101,2052958,466715,32,466688
3,21.0326,2053143,466735,41,466705
3,20.5086,2052078,466715,31,466689
4,20.8601,2087142,475057,34,475028
4,20.8604,2087176,475061,35,475031
4,20.8604,2087082,475061,34,475032
5,21.4559,2146751,480057,35,480027
5,21.4561,2146810,480056,34,480027
5,21.4563,2146775,480061,34,480032
6,21.8531,2186430,483390,34,483361
6,21.8531,2186559,483389,34,483360
6,21.8536,2186477,483394,35,483364
7,22.1369,2215514,485773,33,485745
7,22.1368,2214955,485775,36,485744
7,22.1369,2214832,485773,34,485744
8,22.1961,2220798,487560,33,487532
8,22.1966,2220778,487565,33,487537
8,22.1961,2220877,487561,34,487532
9,22.3603,2237307,488949,34,488920
9,22.3606,2237193,488949,33,488921
9,22.361,2237376,488954,35,488924
10,22.4924,2250495,490064,34,490035
10,22.492,2250399,490061,33,490033
10,22.4926,2250426,490066,34,490037
11,22.7438,2261845,491005,42,490971
11,22.5997,2261096,490972,35,490941
11,22.5998,2261315,490971,33,490943
12,22.6892,2270073,491727,34,491698
12,23.028,2270810,491758,42,491724
12,22.6893,2270025,491727,33,491699
13,22.7651,2277633,492369,33,492341
13,22.7652,2277696,492369,34,492340
13,22.7653,2277681,492374,34,492345
14,23.356,2285304,492941,43,492909
14,22.8306,2284152,492925,35,492895
14,24.3658,2285173,492952,42,492918
15,23.0093,2290396,493411,38,493381
15,22.887,2289804,493399,34,493370
15,22.8865,2289719,493395,34,493366
16,22.6186,2263093,493812,33,493784
16,22.619,2263116,493816,35,493786
16,22.6185,2262974,493812,34,493783
17,22.6618,2267311,494184,35,494154
17,24.5644,2268223,494207,40,494175
17,22.6611,2267502,494179,33,494151
18,22.6995,2271108,494505,34,494476
18,22.7004,2271194,494510,37,494478
18,22.6995,2271009,494505,32,494478
19,22.7337,2274527,494797,34,494768
19,22.7341,2274555,494802,35,494772
19,22.8556,2274997,494804,38,494774
20,22.7649,2277518,495067,35,495037
20,22.9159,2278304,495073,38,495043
20,22.7646,2277549,495062,34,495033
21,22.7926,2280408,495304,35,495274
21,22.7922,2280329,495299,33,495271
21,22.7923,2280287,495299,33,495271
22,22.8178,2283005,495521,34,495492
22,22.8175,2283067,495516,33,495488
22,23.3302,2284192,495545,44,495512
23,22.8406,2285260,495713,33,495685
23,24.3477,2286282,495751,43,495716
23,22.8406,2285229,495714,34,495685
24,22.8617,2287380,495894,33,495866
24,23.3563,2288467,495923,44,495890
24,22.8616,2287301,495894,33,495866
25,23.396,2290100,496098,43,496063
25,23.0292,2290028,496100,42,496066
25,22.881,2289362,496062,34,496033
26,22.899,2291064,496216,35,496186
26,22.8994,2291123,496220,34,496191
26,22.8994,2291066,496220,34,496191
27,22.9156,2292814,496358,34,496329
27,22.9161,2292736,496363,35,496333
27,22.916,2292774,496364,36,496333
28,22.9316,2294301,496495,34,496466
28,22.9311,2294279,496494,36,496463
28,22.9316,2294319,496495,35,496465
29,22.9454,2295664,496614,35,496584
29,24.0956,2296656,496613,33,496585
29,22.9455,2295723,496613,34,496584
30,22.9593,2297100,496732,35,496702
30,22.9588,2297007,496727,34,496698
30,22.9589,2297108,496729,34,496700
31,22.9719,2298268,496841,34,496812
31,22.9719,2298381,496841,34,496812
31,22.9716,2298354,496836,33,496808
32,22.3381,2234930,496937,33,496909
32,22.5384,2235686,496969,41,496936
32,22.5064,2235785,496975,44,496939
33,22.4672,2236520,497042,38,497012
33,22.3487,2235981,497031,34,497002
33,22.3492,2236047,497036,34,497007
34,22.3589,2237039,497120,34,497091
34,22.359,2236958,497120,34,497091
34,22.3594,2237087,497125,35,497095
35,22.3686,2237999,497204,34,497175
35,22.3685,2238012,497209,35,497179
35,22.369,2238057,497209,34,497180
36,22.3775,2238833,497283,34,497254
36,22.5439,2239433,497293,37,497264
36,22.9338,2239661,497313,41,497280
37,22.386,2239721,497360,35,497330
37,22.3862,2239793,497359,33,497331
37,22.3864,2239771,497364,34,497335
38,22.3945,2240629,497435,34,497406
38,22.3941,2240534,497430,33,497402
38,22.3945,2240575,497435,35,497405
39,22.4015,2241247,497496,33,497468
39,22.4018,2241307,497497,35,497467
39,22.891,2242472,497527,45,497493
40,22.4091,2242009,497562,34,497533
40,22.4095,2242084,497567,35,497537
40,22.9414,2243297,497597,46,497562
41,22.416,2242692,497621,34,497592
41,22.4163,2242770,497626,34,497597
41,22.4162,2242764,497622,35,497592
42,22.4227,2243466,497685,34,497656
42,22.4225,2243411,497681,34,497652
42,22.4226,2243403,497680,34,497651
43,22.5693,2244568,497746,38,497716
43,22.5972,2244683,497751,40,497719
43,22.4288,2243925,497736,34,497707
44,22.5868,2245382,497829,44,497793
44,22.4349,2244649,497790,35,497760
44,22.4348,2244613,497790,34,497761
45,22.441,2245212,497844,35,497814
45,22.441,2245225,497844,34,497815
45,22.4404,2245207,497839,33,497811
46,22.4463,2245815,497893,34,497864
46,22.446,2245769,497888,33,497860
46,22.4461,2245766,497889,34,497860
47,22.4517,2246333,497939,34,497910
47,22.4517,2246354,497939,34,497910
47,22.4512,2246300,497934,34,497905
48,22.4566,2246768,497982,35,497952
48,22.4561,2246682,497977,34,497948
48,22.4566,2246777,497982,35,497952
49,22.4612,2247290,498020,34,497991
49,22.4616,2247247,498025,34,497996
49,22.4611,2247171,498021,34,497992
50,22.4662,2247849,498067,35,498037
50,22.4658,2247702,498062,34,498033
50,24.074,2248705,498098,42,498064
51,22.6551,2248722,498117,39,498086
51,22.4704,2248112,498102,33,498074
51,22.5981,2248692,498117,39,498086
52,24.2722,2249790,498172,42,498138
52,22.4744,2248591,498137,33,498109
52,22.4745,2248628,498137,33,498109
53,22.4786,2248960,498175,33,498147
53,22.4791,2249089,498180,30,498155
53,22.4787,2248978,498175,34,498146
54,22.9897,2250554,498237,43,498205
54,22.4827,2249402,498210,34,498181
54,22.483,2249527,498214,34,498185
55,22.4863,2249739,498242,34,498213
55,22.4868,2249846,498247,35,498217
55,23.0412,2250582,498271,40,498239
56,22.4902,2250150,498277,34,498248
56,22.4905,2250078,498281,33,498253
56,22.4902,2250220,498281,32,498254
57,22.4935,2250605,498307,34,498278
57,22.4939,2250467,498313,35,498283
57,22.4936,2250497,498307,34,498278
58,22.4974,2250882,498342,35,498312
58,22.4971,2250832,498337,34,498308
58,23.004,2252042,498371,44,498338
59,22.5009,2251306,498371,35,498341
59,22.5008,2251282,498371,35,498341
59,22.5004,2251196,498366,34,498337
60,22.5036,2251528,498394,33,498366
60,22.5036,2251471,498394,33,498366
60,22.5039,2251556,498399,35,498369
61,22.507,2251829,498427,34,498398
61,22.5066,2251690,498424,35,498394
61,22.507,2251867,498427,34,498398
62,24.115,2253153,498482,42,498448
62,22.6636,2253068,498488,43,498453
62,22.646,2252738,498480,42,498446
63,22.6757,2253038,498489,38,498459
63,22.5125,2252455,498474,33,498446
63,22.513,2252438,498480,36,498449
64,21.8317,2184319,498500,33,498472
64,21.8316,2184307,498501,33,498473
64,21.8316,2184347,498501,34,498472
65,22.4797,2249147,507747,1571,506181
65,22.4797,2249114,507745,1570,506180
65,23.0408,2249684,507752,1575,506185
66,22.4725,2248364,507632,1548,506089
66,22.4726,2248422,507631,1547,506089
66,22.4726,2248314,507633,1548,506090
67,22.4659,2247678,507520,1526,505999
67,22.4659,2247748,507520,1525,506000
67,22.4659,2247697,507520,1526,505999
68,22.4586,2246985,507405,1502,505908
68,22.459,2246981,507410,1503,505912
68,22.4586,2247006,507405,1503,505907
69,22.4526,2246389,507306,1482,505829
69,39.2911,2246286,507301,1482,505824
69,22.4521,2246328,507300,1482,505823
70,22.4457,2245679,507200,1462,505743
70,22.4456,2245705,507195,1461,505739
70,22.4456,2245648,507195,1461,505739
71,22.4402,2245177,507103,1443,505665
71,22.5742,2245684,507106,1445,505669
71,22.4398,2245038,507101,1443,505663
72,22.4332,2244587,506996,1422,505579
72,22.4337,2244535,507000,1421,505584
72,22.4332,2244469,506995,1420,505580
73,22.427,2243867,506901,1403,505503
73,22.4278,2243871,506906,1404,505507
73,22.4274,2243899,506901,1403,505503
74,22.4217,2243311,506810,1384,505431
74,22.4222,2243434,506816,1385,505436
74,22.4217,2243356,506811,1383,505433
75,22.4165,2242784,506725,1367,505363
75,22.4161,2242840,506721,1368,505358
75,22.4165,2242802,506725,1367,505363
76,22.4106,2242208,506630,1347,505288
76,22.411,2242219,506635,1349,505291
76,22.5754,2242944,506638,1352,505294
77,22.4058,2241719,506550,1332,505223
77,22.4057,2241660,506550,1331,505224
77,22.4057,2241706,506550,1331,505224
78,22.4006,2241269,506465,1314,505156
78,22.4003,2241154,506464,1314,505155
78,22.4006,2241245,506466,1315,505156
79,22.3954,2240677,506385,1298,505092
79,22.3955,2240636,506385,1298,505092
79,22.3956,2240707,506386,1300,505091
80,22.3902,2240179,506300,1282,505023
80,23.9663,2241029,506317,1287,505038
80,22.3905,2240205,506306,1285,505026
81,23.9074,2240406,506233,1271,504970
81,22.3859,2239858,506230,1268,504967
81,22.552,2240210,506235,1270,504973
82,22.3808,2239194,506151,1252,504904
82,22.3808,2239236,506150,1251,504904
82,22.3813,2239261,506155,1253,504907
83,22.3766,2238781,506080,1237,504848
83,22.3762,2238777,506076,1239,504842
83,22.3761,2238908,506075,1237,504843
84,22.3723,2238465,506010,1223,504792
84,22.3718,2238337,506005,1223,504787
84,23.9229,2239171,506018,1228,504798
85,22.3679,2237937,505940,1208,504737
85,22.3677,2237908,505940,1208,504737
85,22.3676,2237947,505935,1209,504731
86,22.363,2237507,505866,1195,504676
86,22.3632,2237458,505865,1195,504675
86,22.3632,2237381,505865,1195,504675
87,22.8798,2237667,505811,1188,504631
87,22.3596,2237163,505805,1182,504628
87,23.8415,2237797,505808,1186,504630
88,22.5049,2237215,505748,1174,504582
88,22.3553,2236642,505740,1170,504575
88,22.8375,2237592,505743,1175,504579
89,22.3514,2236214,505675,1157,504523
89,22.3511,2236291,505674,1156,504523
89,22.3515,2236290,505675,1157,504523
90,22.3474,2235874,505611,1143,504473
90,22.3473,2235901,505612,1144,504473
90,22.3472,2235832,505611,1144,504472
91,22.8388,2236516,505555,1137,504429
91,22.3436,2235460,505550,1130,504425
91,22.3438,2235411,505550,1131,504424
92,22.3401,2235177,505491,1120,504376
92,22.8493,2236096,505493,1125,504379
92,22.3396,2235076,505485,1118,504372
93,23.9074,2235850,505446,1113,504341
93,22.3361,2234700,505430,1107,504328
93,22.3366,2234738,505435,1109,504331
94,22.8451,2235355,505378,1102,504287
94,22.3325,2234422,505370,1095,504280
94,22.3324,2234348,505370,1094,504281
95,22.3295,2234139,505320,1087,504238
95,22.3294,2234121,505321,1087,504239
95,22.329,2233961,505317,1086,504236
96,22.3256,2233685,505260,1074,504191
96,22.326,2233720,505265,1075,504195
96,22.3257,2233748,505260,1073,504192
97,22.3222,2233372,505205,1063,504147
97,22.3227,2233466,505210,1064,504151
97,22.3228,2233439,505210,1064,504151
98,22.3195,2233077,505161,1054,504112
98,22.3192,2233077,505155,1053,504107
98,23.8947,2233855,505164,1057,504115
99,22.4676,2233299,505119,1048,504079
99,22.3161,2232744,505106,1042,504069
99,22.4541,2233330,505121,1050,504079
100,22.3126,2232437,505050,1031,504024
100,22.313,2232475,505055,1033,504027
100,22.4675,2232943,505062,1036,504034
