3,20.6816,2058760,866776,51,866733
3,20.5591,2057262,866748,42,866711
3,20.559,2057185,866748,42,866711
4,20.9035,2091513,875082,43,875044
4,20.9036,2091590,875081,43,875043
4,20.9035,2091447,875081,40,875046
5,21.4753,2148676,880089,42,880052
5,21.4754,2148732,880090,44,880051
5,21.4754,2148706,880090,44,880051
6,21.8566,2186944,883421,42,883384
6,21.8565,2186802,883421,43,883383
6,21.8567,2186877,883422,44,883383
7,22.1492,2216167,885805,43,885767
7,23.5499,2216961,885832,50,885790
7,22.1493,2216133,885805,43,885767
8,23.7464,2222180,887633,54,887587
8,22.3239,2221701,887611,48,887571
8,22.1992,2221124,887592,43,887554
9,22.3788,2239037,888979,43,888941
9,23.8062,2240116,889010,52,888966
9,22.5231,2239742,889001,49,888960
10,22.9912,2252455,890133,54,890090
10,23.0649,2252075,890138,50,890096
10,22.5,2251237,890088,43,890050
11,22.604,2261611,891008,46,890967
11,22.603,2261538,890998,44,890959
11,22.6027,2261484,890998,42,890961
12,22.7005,2271252,891755,44,891716
12,22.7005,2271263,891755,42,891718
12,22.7005,2271223,891756,45,891716
13,22.7682,2278024,892398,42,892361
13,22.7683,2278053,892397,42,892360
13,22.7689,2278079,892404,45,892364
14,22.8365,2284824,892947,43,892909
14,22.8368,2284843,892946,44,892907
14,24.3896,2285973,892989,51,892946
15,23.0483,2291130,893443,48,893403
15,22.8934,2290540,893423,43,893385
15,23.0517,2291168,893468,52,893424
16,23.1367,2264476,893861,51,893822
16,22.6217,2263355,893838,43,893800
16,22.6222,2263421,893846,45,893806
17,22.6698,2268141,894205,42,894168
17,22.67,2268312,894205,44,894166
17,23.2202,2269086,894253,51,894210
18,22.7025,2271418,894532,42,894495
18,22.8508,2272446,894583,52,894539
18,23.1811,2272667,894583,53,894541
19,22.7403,2275347,894833,45,894793
19,22.7396,2275161,894828,42,894791
19,22.7397,2275161,894828,44,894789
20,23.2799,2278759,895150,51,895107
20,22.907,2278510,895112,47,895073
20,22.7675,2277976,895093,44,895054
21,23.3224,2281963,895370,52,895329
21,22.9812,2281259,895349,47,895310
21,22.7954,2280750,895328,43,895290
22,22.8203,2283227,895546,43,895508
22,22.8231,2283652,895544,45,895504
22,22.8205,2283311,895544,45,895504
23,22.8438,2285576,895743,43,895705
23,22.8434,2285402,895743,41,895707
23,22.8434,2285598,895744,44,895705
24,22.8648,2287699,895925,44,895886
24,22.8646,2287591,895924,43,895886
24,22.8646,2287721,895924,42,895887
25,22.8843,2289618,896093,44,896054
25,22.884,2289634,896094,44,896055
25,22.8843,2289705,896093,44,896054
26,23.4296,2292154,896301,50,896259
26,24.5316,2292461,896310,52,896266
26,22.902,2291476,896247,44,896208
27,22.9188,2293046,896391,44,896352
27,22.9188,2293026,896390,44,896351
27,22.9194,2293127,896399,45,896359
28,22.9341,2294616,896523,42,896486
28,22.9341,2294633,896523,42,896486
28,22.9344,2294671,896523,44,896484
29,22.9479,2296002,896644,42,896607
29,22.9489,2296087,896650,43,896612
29,22.9486,2296023,896642,43,896604
30,22.9725,2298409,896758,43,896720
30,22.9727,2298440,896758,43,896720
30,22.9731,2298627,896767,44,896728
31,22.9747,2298720,896868,43,896830
31,22.9745,2298673,896868,43,896830
31,22.9746,2298600,896868,43,896830
32,22.352,2236410,896970,45,896930
32,22.3524,2236545,896977,44,896938
32,22.3521,2236488,896969,43,896931
33,23.2202,2237361,897106,51,897063
33,22.352,2236516,897063,43,897025
33,22.3517,2236375,897063,43,897025
34,22.3618,2237321,897151,44,897112
34,22.3619,2237375,897149,44,897110
34,22.3618,2237384,897149,43,897111
35,22.3712,2238343,897233,43,897195
35,22.3717,2238339,897233,44,897194
35,22.9056,2238990,897283,51,897240
36,22.3806,2239328,897316,44,897277
36,22.3804,2239229,897314,43,897276
36,22.3807,2239268,897316,43,897278
37,22.3891,2240059,897390,44,897351
37,22.3892,2240066,897390,43,897352
37,22.3892,2240158,897390,44,897351
38,22.3971,2240942,897461,43,897423
38,22.3971,2240931,897461,42,897424
38,22.3971,2240892,897461,44,897422
39,22.4046,2241657,897528,43,897490
39,22.4048,2241665,897527,43,897489
39,22.405,2241708,897527,43,897489
40,24.5091,2258773,897763,70,897704
40,22.412,2242414,897594,44,897555
40,22.4121,2242402,897595,43,897557
41,22.5561,2243681,897677,48,897637
41,22.4192,2243124,897654,44,897615
41,22.9352,2243840,897689,50,897647
42,22.4256,2243799,897712,43,897674
42,22.4256,2243706,897712,43,897674
42,22.4255,2243801,897713,43,897675
43,22.432,2244476,897769,43,897731
43,22.4316,2244347,897769,43,897731
43,22.4318,2244358,897770,44,897731
44,22.4378,2244989,897822,44,897783
44,22.4378,2245020,897821,42,897784
44,22.438,2245020,897821,44,897782
45,22.445,2245644,897868,42,897831
45,22.444,2245519,897877,46,897836
45,22.4435,2245555,897868,43,897830
46,22.4501,2246204,897929,46,897888
46,22.9919,2247301,897953,53,897911
46,22.4507,2246264,897919,42,897882
47,22.4542,2246581,897965,43,897927
47,22.4544,2246669,897966,44,897927
47,22.4547,2246596,897971,44,897932
48,22.9946,2248616,898033,51,897990
48,22.7958,2248109,898037,51,897994
48,22.462,2247420,898006,42,897969
49,22.4642,2247636,898054,44,898015
49,22.4642,2247532,898054,44,898015
49,22.4642,2247638,898055,44,898016
50,22.4688,2248039,898094,41,898058
50,22.4689,2248118,898094,44,898055
50,22.4689,2248049,898094,43,898056
51,22.4733,2248559,898132,44,898093
51,22.4732,2248572,898132,42,898095
51,22.4731,2248613,898136,44,898097
52,22.4784,2249071,898170,43,898132
52,22.4786,2249074,898170,44,898131
52,22.4785,2249097,898170,43,898132
53,22.4814,2249256,898206,42,898169
53,22.4818,2249383,898208,44,898169
53,22.4815,2249292,898206,42,898169
54,22.4856,2249758,898242,42,898205
54,22.6218,2250395,898299,52,898255
54,22.4863,2249881,898248,45,898208
55,22.4894,2250110,898274,43,898236
55,22.4894,2250193,898274,44,898235
55,22.4892,2250156,898274,42,898237
56,22.4931,2250445,898304,45,898264
56,22.493,2250527,898307,42,898270
56,24.0336,2251548,898364,52,898320
57,22.4966,2250839,898340,44,898301
57,22.4967,2250881,898339,43,898301
57,22.4966,2250826,898340,43,898302
58,22.5002,2251143,898370,44,898331
58,22.5001,2251169,898370,43,898332
58,22.5,2251147,898371,43,898333
59,22.5036,2251556,898401,45,898361
59,22.5041,2251561,898404,44,898365
59,23.0384,2252845,898440,54,898397
60,22.7128,2252471,898443,47,898404
60,22.5073,2251905,898428,44,898389
60,22.5071,2251971,898427,43,898389
61,23.0306,2253381,898499,54,898456
61,22.5097,2252241,898457,42,898420
61,22.5096,2252174,898455,44,898416
62,22.5127,2252470,898482,44,898443
62,22.5127,2252394,898482,44,898443
62,22.5126,2252493,898481,43,898443
63,22.5156,2252698,898507,43,898469
63,22.5154,2252723,898508,43,898470
63,22.5154,2252703,898508,43,898470
64,21.8358,2184758,898532,45,898492
64,21.8355,2184769,898532,44,898493
64,39.0866,2235883,898623,67,898565
65,22.6672,2267897,910851,1581,909275
65,22.6668,2267882,910835,1581,909259
65,22.6671,2267900,910851,1579,909277
66,22.6571,2266832,909167,1556,907616
66,22.6568,2266907,909168,1557,907616
66,22.657,2266906,909168,1557,907616
67,22.647,2266007,909031,1534,907502
67,22.6469,2265915,909031,1533,907503
67,22.6468,2265866,909031,1532,907504
68,22.6526,2266439,910371,1511,908865
68,22.6521,2266452,910367,1512,908860
68,22.6521,2266377,910366,1512,908859
69,22.6428,2265531,911664,1490,910179
69,22.7684,2266195,911677,1497,910188
69,22.6428,2265450,911663,1489,910179
70,22.6337,2264593,910072,1470,908607
70,22.939,2265109,910090,1473,908625
70,23.1369,2265574,910092,1476,908627
71,22.6249,2263673,912742,1450,911297
71,22.6247,2263673,912742,1448,911299
71,22.6247,2263687,912744,1448,911301
72,22.6162,2262836,909790,1430,908365
72,22.616,2262737,909790,1429,908366
72,22.616,2262798,909790,1430,908365
73,22.5941,2260611,908290,1411,906884
73,22.5939,2260522,908290,1409,906886
73,26.3604,2260686,908300,1412,906893
74,22.5868,2259914,909538,1394,908149
74,22.5864,2259819,909534,1393,908146
74,22.5862,2259790,909535,1393,908147
75,22.5787,2259076,909404,1375,908034
75,22.5784,2258978,909404,1373,908036
75,22.5787,2259085,909404,1375,908034
76,22.5708,2258242,907967,1358,906614
76,22.5708,2258245,907966,1356,906615
76,22.5708,2258261,907967,1357,906615
77,22.5766,2258913,909161,1339,907827
77,22.5765,2258860,909161,1339,907827
77,22.5765,2258877,909161,1340,907826
78,22.5696,2258203,910330,1324,909011
78,23.1104,2258862,910343,1328,909023
78,22.7175,2258695,910342,1327,909023
79,22.5493,2256072,908929,1307,907627
79,22.5492,2256075,908928,1307,907626
79,23.0497,2257087,908938,1313,907636
80,22.5426,2255395,908819,1291,907533
80,22.5423,2255373,908819,1289,907535
80,22.5424,2255454,908819,1290,907534
81,22.5485,2256033,909946,1275,908676
81,24.108,2256862,909961,1281,908688
81,22.7267,2256564,909955,1281,908682
82,22.5417,2255357,909826,1259,908572
82,22.6839,2255865,909841,1265,908584
82,22.5415,2255502,909826,1259,908572
83,22.5231,2253486,908502,1246,907261
83,24.1218,2254505,908519,1249,907278
83,22.5231,2253507,908503,1246,907262
84,22.5306,2254266,909593,1231,908367
84,22.5289,2254079,909593,1230,908368
84,22.5287,2254068,909593,1230,908368
85,22.5226,2253432,907134,1215,905924
85,22.5229,2253591,907134,1218,905921
85,22.5228,2253392,907134,1217,905922
86,22.505,2251674,908209,1203,907011
86,22.5052,2251751,908209,1204,907010
86,22.505,2251635,908209,1202,907012
87,22.5112,2252353,910415,1191,909229
87,22.5107,2252241,910411,1189,909227
87,23.0922,2252860,910417,1194,909231
88,22.4939,2250578,908027,1178,906854
88,22.4939,2250583,908027,1177,906855
88,22.494,2250636,908027,1178,906854
89,23.0363,2251667,910194,1168,909034
89,22.6261,2251714,910193,1168,909033
89,22.64,2251712,910192,1170,909030
90,22.4943,2250718,910073,1152,908926
90,22.4944,2250596,910073,1153,908925
90,22.64,2251171,910083,1158,908933
91,22.4775,2248905,907763,1141,906627
91,22.4773,2248936,907762,1139,906628
91,22.4774,2248975,907762,1140,906627
92,22.6378,2249103,909857,1131,908734
92,22.4722,2248354,909846,1126,908725
92,22.4724,2248455,909846,1128,908723
93,22.4675,2247904,907601,1116,906490
93,22.4682,2248074,907608,1117,906496
93,22.4675,2247867,907601,1115,906491
94,22.4624,2247398,907519,1104,906420
94,22.4624,2247447,907519,1103,906421
94,22.4626,2247452,907519,1104,906420
95,22.4683,2248073,910592,1095,909502
95,22.5867,2248657,910600,1100,909508
95,22.6983,2249018,910610,1102,909519
96,22.4529,2246607,907360,1081,906284
96,22.453,2246533,907364,1085,906284
96,22.4529,2246471,907361,1083,906283
97,22.4482,2246045,906255,1071,905189
97,22.4481,2245969,906252,1072,905185
97,22.4481,2245962,906252,1071,905186
98,22.444,2245556,906200,1060,905145
98,22.444,2245613,906200,1061,905144
98,22.444,2245654,906200,1062,905143
99,22.538,2246767,907163,1055,906116
99,22.45,2246240,907149,1052,906102
99,22.45,2246242,907147,1052,906100
100,22.4448,2245710,908062,1039,907028
100,22.445,2245706,908062,1041,907026
100,22.4451,2245711,908063,1042,907026
