3,21.4565,2147720,966748,45,966708
3,21.4585,2147248,966753,47,966711
3,21.4544,2146589,966752,43,966714
4,22.2562,2226965,975084,45,975044
4,22.2564,2226855,975083,45,975043
4,22.2562,2227009,975083,43,975045
5,21.6001,2161225,980093,46,980052
5,22.2068,2221837,980090,46,980049
5,22.2069,2221879,980089,46,980048
6,22.1735,2218445,983428,45,983388
6,22.1778,2219675,983428,46,983387
6,21.9658,2197630,983428,46,983387
7,22.2901,2230259,985810,47,985768
7,22.2341,2224539,985810,46,985769
7,22.4186,2230925,985853,55,985806
8,22.4458,2245701,987605,46,987564
8,22.4452,2245660,987599,47,987557
8,22.6048,2246395,987637,53,987592
9,22.5095,2252023,988989,45,988949
9,22.5828,2259496,988994,45,988954
9,22.5825,2259405,988987,45,988947
10,22.8438,2271203,990147,54,990101
10,22.6265,2263791,990098,46,990057
10,23.1798,2271634,990150,58,990103
11,22.7823,2279352,991014,46,990973
11,22.7818,2279372,991006,47,990964
11,22.7818,2279338,991007,46,990966
12,22.802,2281340,991762,43,991724
12,22.802,2281297,991762,46,991721
12,22.8018,2281264,991762,45,991722
13,22.8699,2288147,992411,46,992370
13,22.9203,2293147,992410,47,992368
13,22.9201,2293115,992412,46,992371
14,22.9746,2298622,992963,47,992921
14,24.6573,2299541,993010,56,992962
14,22.9745,2298560,992962,45,992922
15,23.0216,2303292,993439,46,993398
15,23.0216,2303283,993439,46,993398
15,22.9772,2298788,993430,45,993390
16,22.868,2287949,993854,44,993815
16,22.8678,2287924,993849,46,993808
16,24.361,2289010,993904,55,993857
17,22.8194,2283032,994221,44,994182
17,22.8189,2283047,994216,46,994175
17,22.8959,2290716,994214,45,994174
18,22.9214,2293338,994541,46,994500
18,22.9214,2293397,994541,45,994501
18,23.0634,2294105,994594,56,994546
19,23.0774,2296097,994856,47,994817
19,23.5032,2296844,994885,58,994838
19,23.0989,2296300,994882,54,994835
20,22.8992,2291087,995104,45,995064
20,23.0977,2298607,995158,55,995111
20,22.9645,2297555,995096,46,995055
21,22.9833,2299471,995341,45,995301
21,22.9833,2299518,995341,46,995300
21,22.9834,2299491,995341,47,995299
22,22.9996,2301112,995550,45,995510
22,22.9405,2295166,995559,45,995519
22,22.9398,2295210,995552,45,995512
23,24.4719,2297884,995790,57,995741
23,23.0146,2302662,995748,44,995709
23,23.156,2303496,995789,53,995744
24,23.0292,2304067,995937,46,995897
24,23.0291,2304059,995929,45,995889
24,22.9741,2298680,995930,46,995889
25,22.99,2300147,996105,46,996064
25,22.9895,2300098,996099,46,996058
25,22.9899,2300213,996106,48,996063
26,23.5115,2302276,996304,55,996257
26,23.1931,2307351,996308,54,996262
26,23.0542,2306531,996257,47,996215
27,23.0643,2307615,996391,44,996352
27,23.5965,2308996,996446,59,996398
27,23.0653,2307672,996399,47,996357
28,23.0755,2308738,996534,48,996491
28,23.0282,2304209,996524,46,996483
28,23.0748,2308768,996526,44,996487
29,23.0396,2305112,996655,46,996614
29,23.0842,2309564,996647,45,996607
29,23.2382,2310501,996705,56,996657
30,23.0932,2310511,996763,45,996723
30,23.0935,2310488,996761,45,996721
30,24.5704,2311407,996818,55,996771
31,23.1018,2311333,996878,45,996838
31,23.1018,2311315,996871,47,996829
31,23.1022,2311347,996878,46,996837
32,22.5876,2259927,996975,48,996932
32,22.587,2259874,996974,45,996934
32,22.5878,2259983,996983,49,996939
33,22.7264,2260981,997131,55,997084
33,22.5902,2260105,997067,46,997026
33,23.2124,2286472,997195,67,997136
34,22.517,2253093,997163,46,997122
34,22.5165,2252817,997154,46,997113
34,22.7997,2253623,997201,54,997155
35,22.5966,2260818,997240,47,997198
35,22.5964,2260812,997239,45,997199
35,22.5966,2260763,997239,46,997198
36,22.5998,2261032,997328,47,997286
36,22.5993,2260991,997317,45,997277
36,22.7421,2261793,997381,54,997335
37,22.6822,2255076,997456,54,997410
37,22.5313,2254301,997396,46,997355
37,22.6021,2261365,997394,46,997353
38,22.6044,2261811,997465,44,997426
38,22.5359,2254766,997473,45,997433
38,22.6044,2261531,997466,47,997424
39,22.6074,2261937,997542,47,997500
39,22.6642,2255845,997573,54,997527
39,22.7385,2262511,997590,53,997545
40,22.5434,2255480,997596,44,997557
40,22.7578,2262790,997619,52,997575
40,22.776,2262731,997630,52,997586
41,22.6117,2262269,997668,45,997628
41,22.6113,2262341,997660,45,997620
41,22.6115,2262310,997668,46,997627
42,22.6134,2262363,997716,46,997675
42,22.6138,2262514,997723,46,997682
42,22.5509,2256267,997716,47,997674
43,22.6151,2262696,997772,46,997731
43,22.6154,2262755,997779,45,997739
43,22.6156,2262650,997779,46,997738
44,22.6168,2262806,997824,44,997785
44,22.5574,2256828,997823,46,997782
44,22.6171,2262985,997824,46,997783
45,22.6191,2262994,997882,45,997842
45,22.6186,2263011,997874,45,997834
45,22.6185,2262956,997874,44,997835
46,22.6202,2263321,997922,45,997882
46,22.6202,2263134,997923,45,997883
46,24.3938,2264343,997983,56,997935
47,22.5662,2257745,997968,45,997928
47,22.6223,2263376,997977,45,997937
47,22.6226,2263475,997978,47,997936
48,22.624,2263456,998023,48,997980
48,22.6235,2263617,998012,47,997970
48,22.6234,2263453,998011,44,997972
49,22.6249,2263523,998054,45,998014
49,22.6249,2263671,998055,45,998015
49,22.6254,2263666,998063,46,998022
50,22.5741,2258581,998097,46,998056
50,22.5745,2258553,998105,46,998064
50,22.5739,2258629,998097,44,998058
51,22.7606,2264795,998193,56,998145
51,22.6278,2263981,998134,44,998095
51,24.2795,2261029,998172,56,998124
52,22.6298,2264128,998181,48,998138
52,22.5788,2258991,998173,46,998132
52,22.6291,2264167,998174,45,998134
53,22.6308,2264302,998220,46,998179
53,22.5808,2259308,998213,45,998173
53,22.6307,2264184,998219,45,998179
54,22.6316,2264275,998245,47,998203
54,22.5829,2259388,998245,44,998206
54,22.632,2264264,998252,46,998211
55,22.633,2264527,998284,45,998244
55,22.6333,2264537,998284,46,998243
55,22.5849,2259562,998277,45,998237
56,22.6346,2264574,998321,47,998279
56,22.7098,2260407,998328,50,998286
56,22.6338,2264581,998310,47,998268
57,22.5894,2260137,998352,46,998311
57,22.6354,2264655,998350,46,998309
57,22.6355,2264675,998350,47,998308
58,23.1266,2265886,998404,56,998359
58,22.591,2260219,998363,45,998323
58,22.6364,2264789,998373,46,998332
59,22.637,2264833,998402,47,998360
59,22.6372,2264870,998401,46,998360
59,22.593,2260514,998410,48,998367
60,22.6384,2265054,998428,46,998387
60,22.5944,2260569,998429,46,998388
60,22.6387,2264998,998437,46,998396
61,22.6388,2265061,998456,45,998416
61,23.1264,2265125,998504,57,998458
61,22.6389,2265014,998456,46,998415
62,22.5982,2260938,998491,46,998450
62,22.6399,2265285,998484,47,998442
62,22.6402,2265180,998491,44,998452
63,22.6406,2265202,998509,44,998470
63,22.5998,2261213,998517,47,998475
63,22.6413,2265266,998517,46,998476
64,22.023,2203450,998542,47,998500
64,22.159,2204281,998559,50,998517
64,22.0226,2203302,998533,45,998493
65,22.7902,2280299,1010846,1580,1009271
65,22.7902,2280161,1010846,1581,1009270
65,22.7676,2278916,1010844,1583,1009266
66,22.7784,2278964,1010686,1558,1009133
66,22.7786,2278971,1010685,1557,1009133
66,22.7786,2279040,1010685,1557,1009133
67,22.7368,2275149,1010524,1535,1008994
67,23.0194,2278436,1010534,1540,1009002
67,22.9369,2278428,1010539,1541,1009006
68,23.3242,2277279,1010386,1518,1008876
68,22.7591,2277763,1010370,1515,1008860
68,22.7556,2276733,1010370,1513,1008862
69,22.716,2272792,1010222,1492,1008735
69,22.7161,2272874,1010222,1492,1008735
69,23.2777,2276418,1010240,1499,1008749
70,22.7341,2274566,1010076,1470,1008611
70,22.8378,2272251,1010092,1475,1008625
70,23.258,2275714,1010100,1481,1008630
71,22.7238,2273471,1009936,1451,1008490
71,22.7255,2273580,1009937,1453,1008489
71,22.7241,2273601,1009936,1451,1008490
72,22.7139,2272549,1009796,1431,1008370
72,22.8379,2273801,1009811,1437,1008382
72,24.3374,2270616,1009812,1437,1008383
73,22.704,2271545,1009663,1412,1008256
73,22.6767,2268765,1009662,1413,1008254
73,22.7042,2271569,1009663,1413,1008255
74,22.6948,2270570,1009537,1395,1008147
74,22.6949,2270602,1009537,1392,1008150
74,22.695,2270636,1009537,1394,1008147
75,23.1483,2268115,1009428,1386,1008053
75,22.8417,2270320,1009427,1382,1008053
75,22.6856,2269635,1009412,1376,1008041
76,22.8272,2269553,1009300,1364,1007944
76,23.1802,2269903,1009307,1367,1007951
76,22.6765,2268757,1009286,1358,1007933
77,22.6419,2265354,1009165,1341,1007830
77,22.6694,2268026,1009166,1341,1007830
77,22.6679,2267964,1009166,1341,1007830
78,22.6342,2264746,1009055,1325,1007735
78,22.6598,2267533,1009055,1325,1007735
78,22.634,2264665,1009055,1325,1007735
79,22.7833,2266858,1008953,1314,1007647
79,24.4072,2267043,1008949,1315,1007642
79,22.6512,2266327,1008926,1308,1007623
80,22.6431,2265448,1008824,1294,1007535
80,22.643,2265367,1008823,1289,1007539
80,22.6428,2265414,1008823,1292,1007536
81,24.2378,2265343,1008733,1283,1007458
81,22.6353,2264619,1008718,1278,1007445
81,22.7694,2265224,1008728,1283,1007453
82,23.1409,2264789,1008629,1269,1007368
82,24.1637,2264309,1008630,1269,1007369
82,22.6275,2263820,1008613,1262,1007356
83,22.6198,2263096,1008508,1246,1007267
83,22.5959,2260731,1008507,1248,1007264
83,22.62,2263126,1008508,1246,1007267
84,22.6145,2262632,1008411,1235,1007181
84,22.6128,2262432,1008410,1232,1007183
84,22.6127,2262421,1008410,1233,1007182
85,22.5822,2259379,1008311,1220,1007096
85,22.582,2259308,1008311,1218,1007098
85,22.6058,2261719,1008313,1220,1007098
86,22.5987,2260984,1008214,1205,1007014
86,22.5984,2260981,1008214,1205,1007014
86,22.5982,2261041,1008214,1204,1007015
87,22.5686,2258027,1008122,1192,1006935
87,22.5921,2260358,1008124,1194,1006935
87,22.5918,2260250,1008124,1193,1006936
88,22.585,2259633,1008033,1178,1006860
88,22.5852,2259720,1008033,1180,1006858
88,22.5853,2259721,1008032,1178,1006859
89,22.5566,2256812,1007941,1169,1006777
89,22.5787,2258982,1007942,1167,1006780
89,22.5785,2258936,1007941,1166,1006780
90,22.5741,2258554,1007857,1154,1006708
90,22.5727,2258399,1007857,1155,1006707
90,24.0246,2259211,1007874,1161,1006721
91,22.566,2257720,1007766,1141,1006630
91,22.566,2257582,1007767,1143,1006629
91,23.089,2258864,1007783,1150,1006644
92,22.56,2257386,1007682,1129,1006558
92,22.5596,2257319,1007682,1130,1006557
92,22.6826,2257772,1007692,1133,1006567
93,22.8597,2257173,1007621,1124,1006505
93,22.554,2256589,1007605,1118,1006492
93,22.6905,2257224,1007627,1126,1006509
94,24.2012,2256904,1007538,1111,1006435
94,22.5268,2253802,1007520,1107,1006418
94,22.5269,2253892,1007519,1105,1006419
95,22.5425,2255347,1007444,1095,1006354
95,22.5213,2253195,1007443,1095,1006353
95,22.5423,2255414,1007445,1096,1006354
96,22.5158,2252678,1007366,1083,1006288
96,22.537,2254854,1007367,1084,1006288
96,22.537,2254853,1007367,1085,1006287
97,22.5312,2254214,1007290,1073,1006222
97,22.5314,2254255,1007290,1074,1006221
97,22.5311,2254241,1007290,1072,1006223
98,22.5262,2253938,1007221,1065,1006161
98,22.526,2253714,1007221,1064,1006162
98,22.5262,2253790,1007220,1063,1006162
99,22.5008,2251201,1007150,1055,1006100
99,22.5212,2253278,1007150,1053,1006102
99,22.5209,2253236,1007150,1053,1006102
100,22.5156,2252631,1007073,1043,1006035
100,24.0488,2253598,1007089,1049,1006048
100,24.3455,2253592,1007093,1049,1006052
