3,24.0085,2402737,1066758,46,1066717
3,24.0069,2402168,1066759,48,1066716
3,24.0065,2401807,1066759,47,1066717
4,24.0077,2401933,1075113,51,1075067
4,34.8438,3311268,1256802,20240,1236570
4,24.0079,2402165,1075115,50,1075070
5,24.0078,2401915,1080108,50,1080063
5,24.0072,2401783,1080110,48,1080067
5,24.0086,2402012,1080107,46,1080066
6,24.0074,2401911,1083444,48,1083401
6,24.1072,2402697,1083480,54,1083434
6,24.0073,2401830,1083445,49,1083401
7,24.0074,2401901,1085823,48,1085780
7,24.0073,2402123,1085823,49,1085779
7,24.0071,2401905,1085822,47,1085780
8,24.009,2402060,1087605,48,1087562
8,24.0073,2401818,1087608,48,1087565
8,24.1561,2402654,1087625,54,1087579
9,24.5182,2403000,1089033,56,1088988
9,24.6202,2402757,1089039,59,1088988
9,24.1287,2402638,1089009,51,1088966
10,24.0071,2401807,1090108,48,1090065
10,24.182,2403024,1090146,56,1090098
10,24.5163,2403179,1090151,61,1090102
11,24.0073,2401860,1091021,48,1090978
11,24.0081,2401960,1091021,50,1090976
11,24.0071,2401934,1091020,47,1090978
12,24.0073,2401868,1091781,47,1091739
12,24.0073,2401882,1091782,49,1091738
12,25.5957,2402859,1091822,57,1091773
13,24.0072,2401823,1092418,46,1092377
13,24.0074,2401840,1092418,47,1092376
13,24.0072,2401810,1092419,47,1092377
14,24.0071,2401823,1092968,47,1092926
14,24.0073,2401924,1092968,48,1092925
14,24.0076,2401935,1092965,47,1092923
15,24.0073,2401912,1093438,47,1093396
15,24.0071,2401823,1093439,47,1093397
15,24.0082,2401865,1093438,48,1093395
16,25.5886,2402894,1093909,57,1093860
16,24.0116,2402243,1093863,48,1093820
16,24.0073,2401987,1093864,49,1093820
17,24.2186,2402757,1094271,55,1094224
17,24.0096,2402093,1094228,48,1094185
17,24.007,2401758,1094229,42,1094192
18,24.0072,2402007,1094551,47,1094509
18,24.0072,2401906,1094551,46,1094510
18,24.0071,2401862,1094553,49,1094509
19,24.0071,2401831,1094848,47,1094806
19,24.0073,2401846,1094847,48,1094804
19,24.5937,2402683,1094876,55,1094829
20,24.1588,2402883,1095154,55,1095107
20,24.0089,2402065,1095112,47,1095070
20,24.0072,2401965,1095112,45,1095072
21,24.0068,2401826,1095342,48,1095299
21,24.0074,2401806,1095349,49,1095305
21,24.0089,2402002,1095348,48,1095305
22,25.4285,2402782,1095595,55,1095548
22,24.0089,2401975,1095566,47,1095524
22,24.0089,2401989,1095566,47,1095524
23,24.0074,2401857,1095754,48,1095711
23,24.0072,2401842,1095753,48,1095710
23,24.0102,2402168,1095753,48,1095710
24,24.0089,2402028,1095945,48,1095902
24,24.0086,2401982,1095945,46,1095904
24,24.0088,2401948,1095945,47,1095903
25,24.0072,2401859,1096110,46,1096069
25,24.0074,2401898,1096110,47,1096068
25,25.6108,2402718,1096142,53,1096097
26,24.1472,2402631,1096279,51,1096236
26,24.0073,2401758,1096262,48,1096219
26,25.6494,2402723,1096292,54,1096246
27,24.0073,2402020,1096409,48,1096366
27,24.0076,2401931,1096412,50,1096367
27,24.0089,2401958,1096409,48,1096366
28,24.0102,2402153,1096536,46,1096495
28,24.0071,2401815,1096536,46,1096495
28,24.0089,2401995,1096537,49,1096493
29,24.0074,2401877,1096661,48,1096618
29,24.007,2401853,1096661,47,1096619
29,24.0087,2402094,1096663,46,1096622
30,24.1178,2402894,1096822,55,1096775
30,24.0073,2401853,1096779,48,1096736
30,24.0073,2401860,1096778,48,1096735
31,24.0078,2401923,1096883,47,1096841
31,24.0094,2402021,1096882,46,1096841
31,24.0083,2402010,1096883,49,1096839
32,24.0081,2401924,1096988,47,1096946
32,24.0081,2401932,1096988,48,1096945
32,24.1487,2402619,1097005,54,1096959
33,24.1648,2402584,1097126,56,1097078
33,24.0073,2402071,1097077,45,1097037
33,24.0083,2401954,1097077,48,1097034
34,24.0078,2401866,1097167,45,1097127
34,24.0081,2401954,1097167,47,1097125
34,24.008,2401920,1097167,46,1097126
35,24.0089,2402011,1097250,46,1097209
35,24.0088,2402002,1097252,47,1097210
35,24.0089,2402037,1097250,47,1097208
36,24.0086,2401972,1097329,47,1097287
36,24.0095,2402033,1097327,47,1097285
36,24.0072,2401829,1097330,50,1097285
37,24.0072,2401843,1097410,48,1097367
37,24.0076,2401842,1097409,49,1097365
37,24.0073,2401881,1097411,48,1097368
38,24.008,2401972,1097475,47,1097433
38,24.008,2401945,1097477,47,1097435
38,24.0072,2401839,1097477,47,1097435
39,24.0073,2401893,1097546,48,1097503
39,24.5208,2402778,1097582,55,1097535
39,24.2639,2402616,1097555,50,1097513
40,24.0088,2401991,1097613,49,1097569
40,24.0093,2402058,1097610,47,1097568
40,24.533,2403380,1097643,60,1097595
41,24.0084,2402035,1097669,48,1097626
41,24.007,2401937,1097669,46,1097628
41,24.0098,2402108,1097669,49,1097625
42,24.007,2401950,1097733,46,1097692
42,24.0089,2402148,1097733,47,1097691
42,24.0111,2402375,1097732,48,1097689
43,24.0091,2402092,1097781,47,1097739
43,24.0088,2402098,1097781,48,1097738
43,24.0086,2401923,1097782,45,1097742
44,24.0091,2402223,1097835,47,1097793
44,24.009,2401976,1097827,46,1097786
44,24.0078,2402040,1097837,50,1097792
45,24.0072,2401904,1097889,47,1097847
45,24.4977,2403119,1097920,57,1097874
45,24.13,2402592,1097934,56,1097886
46,24.1664,2402454,1097947,54,1097901
46,24.5588,2402684,1097974,54,1097928
46,24.0095,2402049,1097934,49,1097890
47,24.0093,2402047,1097982,47,1097940
47,24.0078,2401949,1097982,47,1097940
47,24.0097,2402070,1097984,47,1097942
48,24.549,2402940,1098054,56,1098006
48,24.1681,2402338,1098042,52,1097998
48,24.0098,2402244,1098025,48,1097982
49,24.0109,2402250,1098066,47,1098024
49,25.6417,2403137,1098096,56,1098048
49,24.0097,2402096,1098068,47,1098026
50,24.0072,2401915,1098111,47,1098069
50,24.0071,2401791,1098111,47,1098069
50,24.0095,2402122,1098111,46,1098070
51,24.01,2402124,1098148,49,1098104
51,24.0071,2401868,1098147,46,1098106
51,24.0096,2402103,1098147,48,1098104
52,24.009,2402017,1098189,48,1098146
52,24.0074,2401839,1098188,50,1098143
52,24.0086,2402037,1098190,46,1098149
53,24.0072,2401826,1098220,48,1098177
53,24.0091,2402044,1098221,49,1098177
53,24.0089,2402001,1098222,48,1098179
54,24.0086,2402019,1098257,46,1098216
54,24.0088,2402013,1098258,48,1098215
54,24.0074,2401830,1098257,48,1098214
55,24.0071,2401821,1098293,47,1098251
55,24.0093,2402147,1098293,48,1098250
55,24.012,2402290,1098293,47,1098251
56,24.0074,2401921,1098322,48,1098279
56,24.0071,2401819,1098322,47,1098280
56,25.4825,2402651,1098352,55,1098305
57,24.0067,2401762,1098348,47,1098306
57,24.0073,2401810,1098358,48,1098315
57,24.0078,2401988,1098349,46,1098308
58,24.0088,2401990,1098385,49,1098341
58,24.0081,2402092,1098383,46,1098342
58,24.0072,2401877,1098383,47,1098341
59,24.0072,2401741,1098415,47,1098373
59,24.0091,2402746,1098415,46,1098374
59,24.0082,2401943,1098415,48,1098372
60,24.0086,2402210,1098445,47,1098403
60,24.0085,2401943,1098445,47,1098403
60,24.0073,2401856,1098445,48,1098402
61,24.0072,2401914,1098467,46,1098426
61,24.0073,2401835,1098467,47,1098425
61,24.0071,2401778,1098467,46,1098426
62,24.0071,2401821,1098500,46,1098459
62,24.0076,2401873,1098500,48,1098457
62,24.0071,2402005,1098500,47,1098458
63,24.0072,2401951,1098520,47,1098478
63,24.0071,2401842,1098521,47,1098479
63,24.0074,2401869,1098520,47,1098478
64,24.0074,2401845,1098547,47,1098505
64,24.0071,2401830,1098547,47,1098505
64,24.0073,2401857,1098547,47,1098505
65,25.2101,2470158,1112394,1588,1110814
65,24.6827,2469353,1112389,1583,1110811
65,24.8187,2469990,1112396,1586,1110818
66,24.6573,2466806,1110689,1560,1109134
66,24.6573,2466896,1110689,1558,1109136
66,24.6573,2466944,1110689,1559,1109135
67,24.6178,2462895,1103088,1536,1101557
67,24.6179,2462900,1103088,1537,1101556
67,24.6177,2462964,1103088,1536,1101557
68,24.6528,2466426,1111841,1514,1110332
68,24.6542,2466525,1111841,1514,1110332
68,24.6528,2466358,1111841,1514,1110332
69,24.6318,2464462,1110228,1493,1108740
69,24.6292,2464084,1110228,1494,1108739
69,24.6307,2464416,1110228,1494,1108739
70,24.5916,2460402,1102958,1472,1101491
70,24.9106,2461112,1102980,1477,1101511
70,26.1364,2461306,1102982,1480,1101510
71,24.6271,2463992,1111346,1453,1109898
71,26.2692,2464646,1111359,1457,1109910
71,24.6271,2463882,1111345,1453,1109897
72,24.6048,2461867,1109805,1431,1108379
72,24.6051,2461627,1109805,1432,1108378
72,24.6049,2461669,1109808,1432,1108381
73,24.5697,2458246,1102837,1412,1101430
73,24.5673,2457919,1102837,1415,1101428
73,24.5674,2457956,1102837,1412,1101430
74,24.6002,2461177,1110890,1394,1109501
74,24.6027,2461499,1110890,1395,1109500
74,24.6028,2461410,1110890,1396,1109499
75,25.1146,2460394,1109425,1385,1108051
75,24.7129,2459754,1109428,1382,1108054
75,24.9237,2459917,1109428,1381,1108055
76,24.5475,2456143,1102730,1361,1101374
76,24.5476,2455961,1102729,1359,1101375
76,24.5476,2455880,1102729,1358,1101376
77,24.5787,2459081,1110471,1345,1109131
77,24.577,2458779,1110470,1341,1109134
77,24.5802,2459223,1110468,1345,1109128
78,26.107,2458402,1109069,1332,1107745
78,24.7212,2457753,1109066,1331,1107743
78,24.7028,2457831,1109070,1330,1107748
79,26.0725,2454458,1102648,1316,1101340
79,24.5248,2453580,1102630,1310,1101325
79,24.5246,2453675,1102630,1308,1101327
80,24.5566,2456920,1110076,1293,1108788
80,24.5572,2456794,1110076,1294,1108787
80,24.5576,2456866,1110076,1291,1108790
81,24.5395,2455117,1108719,1278,1107446
81,24.5374,2454874,1108722,1278,1107449
81,24.538,2454953,1108723,1279,1107449
82,24.5066,2451876,1102543,1266,1101282
82,24.5058,2451765,1102542,1263,1101284
82,24.5064,2451800,1102542,1264,1101283
83,24.5355,2454633,1109713,1247,1108471
83,24.5366,2454779,1109713,1249,1108469
83,24.5355,2454685,1109713,1247,1108471
84,24.5193,2453180,1108415,1235,1107185
84,25.0446,2453555,1108423,1240,1107191
84,24.6876,2453592,1108425,1238,1107195
85,24.4912,2450278,1102455,1221,1101239
85,24.488,2449943,1102454,1220,1101239
85,24.4897,2450292,1102454,1221,1101238
86,24.5187,2453011,1109377,1205,1108177
86,24.5172,2452853,1109378,1207,1108176
86,24.5172,2452837,1109377,1205,1108177
87,24.4997,2451055,1108132,1192,1106945
87,24.501,2451220,1108125,1193,1106937
87,24.5022,2451280,1108132,1193,1106944
88,24.636,2465115,1102432,1182,1101255
88,24.4741,2448429,1102372,1182,1101195
88,24.4718,2448356,1102371,1181,1101195
89,24.6564,2452266,1109080,1175,1107913
89,24.652,2451679,1109078,1171,1107915
89,24.5011,2451272,1109066,1168,1107903
90,24.4837,2449572,1107865,1156,1106714
90,24.4844,2449551,1107864,1155,1106714
90,24.4835,2449479,1107864,1154,1106715
91,24.4561,2446745,1102296,1142,1101159
91,24.4578,2446913,1102295,1143,1101157
91,24.456,2446789,1102296,1141,1101160
92,24.4848,2449638,1108775,1132,1107648
92,24.4835,2449436,1108774,1128,1107651
92,24.4844,2449598,1108774,1131,1107648
93,24.4683,2447967,1107611,1121,1106495
93,24.4683,2447978,1107609,1120,1106494
93,24.7946,2448677,1107622,1125,1106506
94,24.4433,2446510,1102226,1107,1101124
94,43.2233,2450054,1102262,1113,1101157
94,24.4417,2445250,1102227,1108,1101124
95,26.0374,2448796,1108506,1102,1107412
95,24.4686,2447932,1108500,1095,1107410
95,24.4698,2448143,1108500,1096,1107409
96,24.4549,2446635,1107371,1086,1106290
96,24.4551,2446665,1107371,1085,1106291
96,24.5893,2447214,1107382,1091,1106299
97,24.4298,2444094,1102164,1074,1101095
97,24.5579,2444977,1102186,1079,1101115
97,24.4312,2444362,1102164,1073,1101096
98,24.4564,2446737,1108241,1065,1107181
98,24.46,2447129,1108242,1067,1107180
98,24.4572,2446818,1108241,1063,1107183
99,24.4419,2445301,1107155,1055,1106105
99,24.4401,2445160,1107155,1053,1106107
99,24.4417,2445318,1107155,1054,1106106
100,24.4154,2442666,1102100,1043,1101062
100,24.4171,2442830,1102092,1043,1101054
100,24.4166,2442744,1102101,1044,1101062
