3,20.5121,2053526,766733,39,766699
3,20.5099,2052157,766730,38,766697
3,20.5107,2052314,766734,41,766698
4,20.8618,2087303,775076,41,775040
4,20.8616,2088326,775077,41,775041
4,20.8618,2087378,775076,40,775041
5,21.4574,2146847,780076,40,780041
5,21.7843,2147800,780126,50,780084
5,21.5807,2147416,780089,45,780052
6,21.8546,2186665,783408,39,783374
6,22.3767,2187629,783454,47,783415
6,21.9959,2187447,783450,48,783410
7,22.1386,2214949,785792,41,785756
7,22.3022,2215642,785807,46,785769
7,22.1386,2214995,785792,38,785759
8,22.6979,2222228,787623,52,787582
8,22.1978,2220904,787578,39,787544
8,22.1978,2220932,787578,40,787543
9,22.3623,2237369,788967,42,788930
9,22.3622,2237409,788966,40,788931
9,22.9718,2238293,789011,49,788970
10,22.4938,2250534,790077,40,790042
10,22.4936,2250450,790077,40,790042
10,22.649,2251300,790116,48,790076
11,22.6014,2261323,790986,41,790950
11,22.6012,2261402,790986,39,790952
11,22.7973,2262101,791021,49,790980
12,22.6911,2270232,791746,42,791709
12,22.6909,2270204,791745,39,791711
12,22.6933,2270551,791745,39,791711
13,22.7668,2278026,792388,40,792353
13,22.7669,2277997,792388,41,792352
13,23.3012,2279034,792447,54,792404
14,22.971,2285120,793000,51,792957
14,24.3839,2285389,792987,50,792945
14,22.8318,2284326,792939,39,792905
15,22.8882,2290087,793412,39,793378
15,22.8884,2290133,793413,42,793376
15,22.8882,2290020,793412,41,793376
16,22.6202,2263138,793834,40,793799
16,22.62,2263115,793834,38,793801
16,22.6202,2263174,793834,39,793800
17,22.6628,2267407,794203,38,794170
17,22.663,2267449,794203,41,794167
17,23.197,2268795,794249,55,794205
18,22.7021,2271366,794530,39,794496
18,22.8042,2271956,794580,49,794539
18,22.7011,2271291,794530,39,794496
19,22.7348,2274645,794818,39,794784
19,22.7354,2274762,794825,42,794788
19,22.7354,2274666,794824,41,794788
20,22.766,2277716,795086,40,795051
20,22.7659,2277751,795086,39,795052
20,22.766,2277760,795085,41,795049
21,22.7939,2280546,795323,40,795288
21,22.7938,2280489,795323,40,795288
21,22.7936,2280501,795323,39,795289
22,22.8191,2283137,795541,40,795506
22,22.8191,2283056,795541,40,795506
22,22.8189,2283172,795541,40,795506
23,24.4588,2286400,795789,51,795746
23,22.842,2285401,795737,40,795702
23,22.842,2285418,795737,39,795703
24,22.8654,2288470,795921,41,795885
24,22.8634,2287518,795921,43,795883
24,23.4251,2288226,795966,47,795927
25,22.8826,2289555,796085,39,796051
25,22.8829,2289390,796085,41,796049
25,22.8828,2289423,796085,41,796049
26,22.9006,2291354,796242,39,796208
26,22.9008,2291299,796242,40,796207
26,22.9007,2291312,796242,40,796207
27,22.9174,2292894,796384,40,796349
27,22.9182,2293023,796383,44,796344
27,22.9176,2292893,796384,41,796348
28,23.4658,2295145,796565,47,796526
28,23.0945,2295219,796571,48,796531
28,22.9328,2294529,796515,41,796479
29,22.9471,2295839,796640,41,796604
29,22.9471,2295834,796640,42,796603
29,22.9471,2295857,796639,41,796603
30,22.9606,2297193,796754,41,796718
30,22.9604,2297179,796754,40,796719
30,22.9607,2297187,796754,41,796718
31,22.9732,2299002,796861,40,796826
31,40.203,2298383,796862,41,796826
31,22.9732,2298440,796861,41,796825
32,22.34,2235067,796964,42,796927
32,22.3398,2235102,796964,41,796928
32,22.3397,2235093,796963,39,796929
33,22.3509,2236247,797056,42,797019
33,22.352,2236342,797086,43,797048
33,23.8243,2237160,797109,47,797070
34,22.3606,2237173,797147,40,797112
34,22.4995,2237763,797160,45,797123
34,22.3606,2237133,797147,41,797111
35,22.37,2238083,797231,40,797196
35,22.7034,2238813,797275,46,797237
35,22.3701,2238131,797230,42,797193
36,22.3792,2239028,797309,41,797273
36,22.379,2239003,797309,39,797275
36,23.2315,2239969,797348,48,797308
37,22.3877,2239855,797386,41,797350
37,22.3881,2240031,797384,39,797350
37,22.3877,2239913,797386,40,797351
38,22.3957,2240810,797458,41,797422
38,24.0433,2241549,797509,48,797469
38,22.3956,2240757,797457,40,797422
39,22.4034,2241456,797525,41,797489
39,22.5522,2242246,797573,49,797532
39,22.4033,2241507,797524,39,797490
40,22.9315,2243465,797624,51,797584
40,22.4106,2242142,797584,40,797549
40,22.4106,2242212,797584,40,797549
41,22.4178,2242898,797645,39,797611
41,22.4174,2242864,797646,41,797610
41,22.4178,2242880,797645,41,797609
42,22.5732,2244556,797758,51,797715
42,22.4243,2243595,797708,41,797672
42,22.569,2244454,797759,50,797717
43,22.4306,2244213,797763,40,797728
43,22.4304,2244168,797763,40,797728
43,22.7749,2245045,797807,47,797768
44,22.4365,2244829,797818,40,797783
44,22.4364,2244840,797818,39,797784
44,24.3369,2245875,797871,47,797832
45,22.4422,2245454,797866,40,797831
45,22.442,2245340,797867,40,797832
45,22.4422,2245371,797866,41,797830
46,22.4476,2245906,797915,41,797879
46,22.578,2246609,797957,47,797918
46,22.4475,2245927,797914,39,797880
47,22.4528,2246386,797961,40,797926
47,22.4528,2246382,797961,39,797927
47,22.4529,2246422,797961,41,797925
48,22.4578,2246899,798004,39,797970
48,22.458,2246966,798005,41,797969
48,22.4579,2246954,798005,41,797969
49,22.4628,2247472,798046,41,798010
49,22.4626,2247428,798046,39,798012
49,22.5995,2248146,798092,49,798051
50,22.4673,2248000,798091,40,798056
50,22.4675,2247954,798091,41,798055
50,22.4673,2247860,798091,40,798056
51,22.4716,2248315,798128,39,798094
51,22.472,2248342,798129,41,798093
51,22.4718,2248331,798128,40,798093
52,22.476,2248739,798166,39,798132
52,22.4761,2248812,798166,41,798130
52,22.476,2248735,798166,41,798130
53,22.4802,2249247,798198,40,798163
53,22.4802,2249157,798198,39,798164
53,22.4802,2249161,798198,41,798162
54,22.4843,2249544,798234,40,798199
54,22.4841,2249506,798234,39,798200
54,22.6954,2250258,798289,48,798249
55,22.488,2249954,798268,41,798232
55,22.4879,2250044,798267,40,798232
55,22.669,2250754,798323,49,798282
56,22.4917,2250376,798302,40,798267
56,22.4916,2250335,798302,39,798268
56,22.4918,2250355,798302,40,798267
57,22.4954,2250707,798333,42,798296
57,22.4952,2250733,798332,40,798297
57,22.4951,2250680,798332,39,798298
58,22.4985,2250997,798363,40,798328
58,22.4984,2250971,798363,40,798328
58,22.4984,2251014,798363,39,798329
59,22.5022,2251324,798394,42,798357
59,22.5018,2251321,798393,39,798359
59,22.9812,2252602,798444,52,798403
60,22.5053,2251646,798422,40,798387
60,22.5052,2251693,798422,41,798386
60,22.505,2251616,798422,40,798387
61,22.5081,2252003,798444,40,798409
61,22.5084,2251967,798446,43,798408
61,22.5082,2251995,798444,40,798409
62,22.5114,2252282,798472,41,798436
62,22.5112,2252279,798472,39,798438
62,22.5115,2252285,798472,41,798436
63,23.089,2253303,798544,48,798504
63,24.0613,2253436,798540,47,798501
63,22.5143,2252600,798497,40,798462
64,21.8332,2184401,798526,41,798490
64,21.8332,2184434,798525,41,798489
64,21.8332,2184502,798525,40,798490
65,22.5734,2258633,816218,1576,814647
65,22.5737,2258470,816219,1578,814646
65,22.5736,2258491,816218,1578,814645
66,22.5801,2259191,812953,1554,811404
66,22.5801,2259134,812953,1553,811405
66,22.5803,2259101,812953,1555,811403
67,22.5712,2258227,812014,1532,810487
67,22.5716,2258260,812014,1533,810486
67,22.5714,2258308,812013,1531,810487
68,22.5776,2258898,810367,1509,808863
68,22.5776,2258879,810367,1508,808864
68,22.5778,2258888,810367,1509,808863
69,22.555,2256616,811666,1487,810184
69,22.5549,2256654,811666,1487,810184
69,22.5551,2256655,811666,1488,810183
70,22.5472,2255821,814346,1467,812884
70,22.5472,2255861,814347,1469,812883
70,22.547,2255834,814346,1466,812885
71,22.5112,2252219,815555,1446,814114
71,22.5114,2252284,815556,1448,814113
71,22.5112,2252268,815555,1447,814113
72,22.5179,2252926,815337,1426,813916
72,22.5179,2252931,815337,1427,813915
72,22.518,2252903,815337,1427,813915
73,22.4974,2250865,815129,1409,813725
73,22.4974,2250872,815129,1408,813726
73,22.4974,2250925,815130,1409,813726
74,22.5178,2253029,810887,1390,809502
74,22.5178,2252890,810887,1390,809502
74,22.5177,2252914,810887,1390,809502
75,22.5118,2252378,812073,1375,810703
75,22.6347,2252816,812090,1377,810721
75,22.5112,2252304,812075,1374,810706
76,22.504,2251559,812564,1353,811216
76,22.504,2251591,812564,1354,811215
76,22.5042,2251579,812564,1354,811215
77,22.4848,2249781,813698,1339,812364
77,22.4848,2249682,813696,1337,812364
77,22.4853,2249750,813694,1339,812360
78,22.4917,2250353,812894,1322,811577
78,22.4917,2250366,812894,1320,811579
78,22.4917,2250283,812894,1320,811579
79,22.46,2247183,813984,1305,812684
79,22.4597,2247046,813984,1303,812686
79,22.46,2247124,813984,1304,812685
80,22.4542,2246592,812563,1289,811279
80,22.4542,2246540,812563,1289,811279
80,22.454,2246543,812563,1288,811280
81,22.4489,2245990,813644,1274,812375
81,22.933,2247189,813659,1281,812389
81,22.4487,2245981,813643,1272,812376
82,22.4678,2247943,813480,1259,812226
82,22.4678,2248104,813479,1259,812225
82,22.4675,2247842,813479,1257,812227
83,22.438,2244936,813314,1243,812076
83,22.438,2244926,813314,1244,812075
83,22.438,2244935,813314,1243,812076
84,22.4328,2244413,811974,1228,810751
84,23.9246,2245309,811995,1236,810767
84,22.4328,2244413,811974,1228,810751
85,22.5778,2245836,811744,1220,810532
85,22.5887,2245718,811751,1219,810540
85,22.4396,2245124,811836,1215,810626
86,22.4464,2245793,810534,1201,809338
86,24.1098,2246821,810551,1205,809354
86,22.4462,2245814,810536,1202,809339
87,22.4181,2242923,811563,1190,810378
87,22.4183,2242964,811558,1188,810375
87,22.4183,2242992,811562,1189,810378
88,22.425,2243608,811997,1176,810826
88,22.4247,2243572,811997,1175,810827
88,22.425,2243637,811996,1176,810825
89,22.4202,2243190,812423,1164,811264
89,22.4199,2243190,812422,1162,811265
89,22.4196,2243133,812422,1162,811265
90,22.4155,2242697,812290,1150,811145
90,22.4158,2242739,812289,1151,811143
90,22.4155,2242671,812285,1150,811140
91,22.3998,2241257,812148,1137,811016
91,22.3997,2241102,812148,1136,811017
91,22.3996,2241101,812148,1137,811016
92,22.4804,2242229,812033,1128,810913
92,22.4064,2241806,812019,1125,810899
92,22.4064,2241746,812019,1125,810899
93,22.3915,2240251,811898,1113,810790
93,22.3916,2240310,811898,1114,810789
93,22.3917,2240301,811899,1116,810788
94,23.7468,2240728,810720,1107,809621
94,22.5126,2240379,810714,1107,809615
94,22.534,2240498,810719,1108,809619
95,23.149,2241153,811650,1095,810563
95,22.3938,2240515,811642,1091,810555
95,22.5256,2241061,811655,1096,810567
96,22.5745,2239662,811528,1084,810452
96,22.3793,2239103,811520,1080,810445
96,22.3794,2239075,811519,1081,810443
97,22.3754,2238588,811396,1069,810332
97,22.3752,2238731,811396,1069,810332
97,22.3754,2238654,811397,1071,810331
98,22.3818,2239306,811289,1058,810236
98,22.3824,2239454,811290,1062,810233
98,22.3818,2239379,811289,1059,810235
99,22.3783,2238942,810171,1049,809127
99,22.3784,2238983,810171,1049,809127
99,22.3784,2238953,810171,1049,809127
100,22.3839,2239513,809068,1038,808035
100,22.3839,2239586,809067,1038,808034
100,22.384,2239574,809068,1038,808035
